0.333
0.333
0.333
0.0
0.333
0.333
0.333
0.333
0.333
0.333
0.333
0.333
0.333
0.333
0.333
0.333
0.333
0.333
0.0
0.333
0.0
0.333
0.333
0.333
0.333
0.333
0.0
0.333
0.333
0.333
0.333
0.333
0.0
0.333
0.333
0.0
0.333
0.333
0.333
0.333
0.333
0.333
0.333
0.333
0.333
0.333
0.333
0.333
0.01
0.01
0.333
0.333
0.333
0.333
0.333
0.333
0.333
0.333
0.333
0.333
0.333
0.333
0.0
0.333
0.333
0.333
0.333
0.333
0.333
0.333
0.333
0.333
0.333
0.333
0.333
0.333
0.333
0.333
0.0
0.0
0.333
0.333
0.333
0.333
0.333
0.333
0.333
0.333
0.333
0.0
0.333
0.333
0.333
0.333
0.333
0.0
0.333
0.0
0.333
0.333
0.0
0.0
0.0
0.333
0.333
0.333
0.333
0.333
0.333
0.333
0.0
0.0
0.0
1.0
1.0
0.333
0.333
0.333
0.0
0.333
0.0
0.0
0.333
0.333
0.333
0.333
0.333
0.333
0.333
0.8571428571428571
0.8571428571428571
0.8571428571428571
0.8571428571428571
0.8571428571428571
0.8571428571428571
0.8571428571428571
0.8571428571428571
0.8571428571428571
0.8571428571428571
0.8571428571428571
0.333
0.333
0.0
0.0
0.333
0.333
0.333
0.333
0.333
0.7641509433962265
0.7641509433962265
0.0
0.333
0.333
0.0
0.0
0.333
0.333
0.0
0.333
0.333
0.333
0.333
0.9921011058451816
0.333
0.7727272727272727
0.7727272727272727
0.333
0.333
0.333
0.333
0.333
0.333
0.333
0.333
0.0
0.0
0.333
0.333
0.333
0.333
0.0
0.333
0.333
0.333
0.0
0.01
0.01
0.0
0.333
0.333
0.333
0.333
0.333
0.333
0.333
0.333
0.0
0.0
0.333
0.333
0.333
0.333
0.333
0.333
0.333
0.333
0.333
0.333
0.333
0.333
0.333
0.333
0.333
0.333
0.333
0.333
0.333
0.333
0.333
0.333
0.0
0.0
0.0
0.3333333333333333
0.0
0.0
0.0
0.0
0.333
0.0
0.0
0.0
0.3333333333333333
0.333
0.333
0.0
0.0
0.333
0.3333333333333333
0.0
0.0
0.333
0.0
0.0
0.333
0.0
0.0
0.333
0.0
0.333
0.333
0.333
0.333
0.0
0.333
0.333
0.8823529411764706
0.333
0.0
0.0
0.0
0.0
0.333
0.0
0.333
0.333
0.333
0.333
0.333
0.333
0.333
0.333
0.333
0.333
0.333
0.333
0.333
0.333
0.333
0.333
0.333
0.333
0.333
0.333
0.333
0.333
0.333
0.333
0.333
0.333
0.333
0.333
0.333
0.333
0.333
0.333
0.333
0.333
0.333
0.9895833333333334
0.333
0.333
0.333
0.333
0.333
0.333
0.333
0.333
0.333
0.333
0.333
0.333
0.333
0.333
0.333
0.333
0.333
0.333
0.333
0.333
0.333
0.333
0.333
0.333
0.333
0.333
0.333
0.333
0.333
0.333
0.333
0.333
0.333
0.333
0.333
0.333
0.333
0.333
0.333
0.0
0.333
0.333
0.925
0.333
0.333
0.333
0.333
0.333
0.333
0.333
1.0
1.0
0.333
0.333
0.333
0.0
0.0
0.0
0.333
0.0
0.0
0.0
0.0
0.0
0.333
0.333
0.333
0.333
0.333
0.333
0.333
0.333
0.333
0.333
0.333
0.0
0.333
0.0
0.333
0.333
0.333
0.333
0.0
0.0
0.333
0.0
0.0
0.333
0.0
0.0
0.333
0.0
0.333
0.333
0.333
0.99687255668491
0.99687255668491
0.333
0.333
0.333
0.333
0.333
0.333
0.0
0.0
0.333
0.333
0.0
0.0
0.333
0.333
0.333
0.0
0.333
0.9655172413793104
0.9655172413793104
0.333
0.333
0.333
0.333
0.333
0.333
0.0
0.3333333333333333
0.333
0.333
0.333
0.333
0.333
0.0
0.333
0.333
0.333
0.333
0.333
0.333
0.333
0.333
0.333
0.333
0.333
0.0
0.333
0.0
0.333
0.333
0.0
0.0
0.0
0.333
0.333
0.333
0.333
0.0
0.333
0.333
0.333
0.333
0.333
0.333
0.0
0.333
0.333
0.333
0.333
0.333
0.333
0.333
0.333
0.333
0.333
0.333
0.333
0.333
0.333
0.333
0.333
0.333
0.333
0.333
0.333
0.0
0.9428571428571428
1.0
0.333
0.333
0.333
0.333
1.0
0.333
0.333
0.0
0.0
0.0
0.01
0.333
0.333
0.333
0.333
0.333
0.333
0.333
0.333
0.333
0.0
0.333
0.333
0.333
0.333
0.0
0.333
0.333
0.333
0.333
0.333
0.9649122807017544
0.9655172413793104
0.333
0.0
0.0
0.0
0.0
0.0
0.333
0.333
0.967741935483871
0.333
0.3333333333333333
0.333
0.333
0.333
0.333
0.333
0.333
0.333
0.0
0.333
0.333
0.0
0.0
0.0
0.333
0.333
0.333
0.333
0.333
0.333
0.333
0.333
0.333
0.333
0.333
0.333
0.333
0.333
0.333
0.0
0.0
0.333
0.0
0.0
0.0
0.0
0.0
0.333
0.0
0.333
0.333
0.333
0.333
0.333
0.333
0.333
0.333
0.0
0.0
0.333
0.333
0.333
0.333
0.333
0.333
0.333
0.333
0.333
0.333
0.333
0.333
0.333
0.333
0.333
0.333
0.333
0.333
0.0
0.0
0.0
0.7641509433962265
0.333
0.333
0.0
0.0
0.333
0.333
0.333
0.333
0.333
0.333
0.333
0.333
0.333
0.333
0.333
0.333
0.333
0.333
0.333
0.333
0.0
0.333
0.333
0.333
0.0
0.333
0.333
0.333
0.333
0.333
0.333
0.0
0.333
0.333
0.333
0.333
0.333
0.333
0.333
0.333
0.333
0.333
0.333
0.333
0.333
0.333
0.333
0.333
0.333
0.333
0.333
0.333
0.333
0.75
0.333
0.333
0.333
0.333
0.333
0.333
0.333
0.0
0.333
0.333
0.333
0.333
0.333
0.333
0.333
0.333
0.333
0.333
0.333
0.333
0.333
0.333
0.333
0.333
0.333
0.333
0.333
0.333
0.333
0.333
0.333
0.333
0.333
0.0
0.0
0.333
0.333
0.333
0.333
0.333
0.333
0.333
0.0
0.0
0.0
0.0
0.333
0.333
0.333
0.333
0.333
0.333
0.333
0.333
0.333
0.333
0.333
0.333
0.333
0.333
0.333
0.333
0.333
0.333
0.0
0.333
0.0
0.333
0.333
0.0
0.333
0.333
0.0
0.0
0.333
0.333
0.0
0.0
0.0
0.333
0.333
0.333
0.333
0.0
0.333
0.333
0.333
0.333
0.333
0.333
0.333
0.333
0.333
0.333
0.333
0.333
0.333
0.333
0.84
0.333
0.333
0.333
0.333
0.333
0.333
0.333
0.333
0.0
0.333
0.333
0.0
0.0
0.0
0.0
0.0
0.333
0.333
0.333
0.333
0.0
0.333
0.333
0.333
0.0
0.0
0.0
0.0
0.0
0.0
0.333
0.333
0.333
0.333
0.333
1.0
0.8888888888888888
0.0
0.333
0.333
0.333
0.333
0.333
0.333
0.333
0.333
0.333
0.333
0.333
0.333
0.333
0.333
0.333
0.333
0.333
0.333
0.333
0.333
0.333
0.333
0.333
0.0
0.0
0.333
0.333
0.0
0.0
0.333
0.333
0.333
0.333
0.333
0.333
0.333
0.333
0.333
0.333
0.333
0.333
0.333
0.333
0.333
0.333
0.333
0.333
0.333
0.0
0.333
0.0
0.0
0.333
0.333
0.333
0.0
0.333
0.84
0.333
0.333
0.333
0.333
0.333
0.0
0.333
0.333
0.0
0.333
0.333
0.0
0.333
0.333
0.0
0.333
0.333
0.333
0.333
0.333
0.333
0.333
0.333
0.333
0.333
0.84
0.84
0.333
0.333
0.0
0.333
0.0
0.0
0.333
0.333
0.333
0.333
0.333
0.0
0.333
0.333
0.333
0.333
0.333
0.333
0.333
0.0
0.0
0.0
0.0
0.0
0.0
0.333
0.333
0.333
0.0
0.0
0.9444444444444444
0.333
0.0
0.0
0.0
0.0
0.333
0.333
0.333
0.333
0.333
0.333
0.333
0.333
0.333
0.333
0.333
0.333
0.333
0.0
0.0
0.333
0.333
0.0
0.0
0.0
0.0
0.0
0.0
0.0
0.0
0.0
0.333
0.333
0.333
0.333
0.9523809523809523
0.9523809523809523
0.333
0.333
0.333
0.333
0.333
0.333
0.333
0.01
0.01
0.01
0.01
0.01
0.01
0.333
0.333
0.0
0.333
0.333
0.333
0.0
0.333
0.333
0.333
0.333
0.333
0.333
0.333
0.0
0.0
0.333
0.0
0.0
0.333
0.333
0.0
0.0
0.333
0.333
0.333
0.333
0.333
0.333
0.0
0.333
0.333
0.333
0.333
0.333
0.333
0.333
0.333
0.333
0.0
0.0
0.333
0.0
0.0
0.333
0.0
0.333
0.333
0.0
0.0
0.0
0.333
0.333
0.333
0.333
0.333
0.333
0.0
0.333
0.0
0.333
0.333
0.333
0.333
0.333
0.333
0.333
0.333
0.333
0.333
0.333
0.333
0.333
0.333
0.333
0.333
0.333
0.0
0.0
0.0
0.0
0.333
0.333
0.333
0.333
0.333
0.333
0.333
0.333
0.333
0.0
0.333
0.333
0.333
0.333
0.333
0.333
0.9347826086956522
0.333
0.333
0.333
0.333
0.0
0.01
0.01
0.01
0.01
0.333
0.333
0.333
0.333
0.333
0.333
0.333
0.333
0.333
0.333
0.0
0.333
0.333
0.333
0.333
0.01
0.333
0.333
0.333
0.333
0.333
0.0
0.333
0.333
0.0
0.0
0.333
0.333
0.333
0.333
0.0
0.0
0.0
0.333
0.333
0.333
0.333
0.0
0.333
0.333
0.333
0.333
0.333
0.333
0.333
0.333
0.333
0.333
0.333
0.333
0.333
0.333
0.333
0.333
0.0
0.0
0.333
0.8828828828828829
0.333
0.333
0.333
0.333
0.333
0.333
0.333
0.0
0.0
0.333
0.333
0.333
0.6666666666666666
0.6666666666666666
0.0
0.0
0.333
0.333
0.333
0.333
0.333
0.333
0.333
0.0
0.0
0.0
0.333
0.333
0.333
0.0
0.007751937984496124
0.007751937984496124
0.333
0.333
0.333
0.333
0.0
0.0
0.0
0.0
0.0
0.333
0.333
0.333
0.333
0.333
0.333
0.333
0.333
0.8828828828828829
0.8828828828828829
0.333
0.9428571428571428
0.9428571428571428
0.9428571428571428
0.9428571428571428
0.9428571428571428
0.333
0.333
0.333
0.333
0.333
0.333
0.333
0.333
0.333
0.333
0.333
0.333
0.333
0.333
0.333
0.333
0.333
0.333
0.333
0.9714285714285714
0.9714285714285714
0.9433962264150944
0.9433962264150944
0.9428571428571428
0.9552238805970149
0.9552238805970149
0.333
0.333
0.333
0.333
0.333
0.0
0.0
0.333
0.333
0.333
0.333
0.333
0.333
0.333
0.333
0.333
0.333
0.333
1.0
0.333
0.333
0.333
0.333
0.333
0.333
0.0
0.333
0.0
0.333
0.333
0.333
0.333
0.0
0.333
0.0
0.333
0.0
0.0
0.333
0.333
0.333
0.333
0.333
0.333
0.0
0.333
0.333
0.0
0.333
0.0
0.333
0.333
0.333
0.0
0.0
0.333
0.333
0.333
0.333
0.333
0.333
0.333
0.01
0.333
0.333
0.0
0.333
0.333
0.0
0.333
0.333
0.0
0.333
0.0
0.0
0.0
0.333
0.333
0.0
0.333
0.2631578947368421
0.2631578947368421
0.333
0.38461538461538464
0.0
0.333
0.0
0.333
0.0
0.333
0.0
0.333
0.333
0.333
0.333
0.333
0.0
0.333
0.333
0.333
0.333
0.333
0.333
0.333
0.333
0.333
0.333
0.333
0.333
0.333
0.333
0.333
0.0
0.333
0.333
0.333
0.333
0.0
0.333
0.333
0.0
0.333
0.333
0.333
0.333
0.333
0.333
0.333
0.0
0.333
0.333
0.333
0.0
0.0
0.0
0.333
0.333
0.0
0.333
0.333
0.333
0.0
0.0
0.333
0.333
0.333
0.9090909090909091
0.333
0.333
0.333
0.333
0.333
0.333
0.333
0.333
0.9428571428571428
0.333
0.333
0.333
0.01
0.01
0.01
0.333
0.333
0.333
0.333
0.333
0.333
0.333
0.333
0.0
0.0
0.333
0.333
0.333
0.333
0.333
0.333
0.0
0.333
0.333
0.5
0.0
0.0
0.333
0.333
0.333
0.333
0.333
0.333
0.0
0.333
0.333
0.333
0.333
0.333
0.333
0.333
0.333
0.333
0.333
1.0
1.0
0.333
0.333
0.01
0.01
0.333
0.333
0.333
0.0
0.0
0.333
0.333
0.333
0.01
0.333
0.333
0.333
0.333
0.333
0.333
0.333
0.333
0.333
0.333
0.0
0.333
0.333
0.333
0.333
0.333
0.333
0.333
0.333
0.333
0.333
0.333
0.333
0.333
0.333
0.333
0.333
0.333
0.333
0.0
0.333
0.333
0.333
0.333
0.333
0.0
0.0
0.333
0.333
0.333
0.333
0.333
0.333
0.333
0.333
0.333
0.333
0.333
0.7727272727272727
0.0
0.0
0.0
0.0
0.0
0.333
0.333
0.333
0.01
0.01
0.01
0.01
0.333
0.333
0.333
0.333
0.333
0.333
0.333
0.0
0.333
0.333
0.333
0.333
0.333
0.333
0.333
0.0
0.0
0.333
0.333
0.333
0.333
0.0
0.333
0.333
0.333
0.333
0.333
0.0
0.0
0.333
0.333
0.0
0.0
0.0
0.0
0.333
0.333
0.333
0.0
0.333
0.333
0.333
0.333
0.333
0.0
0.0
0.0
0.333
0.333
0.333
0.333
0.0
0.333
0.333
0.0
0.333
0.333
0.333
0.0
0.333
0.333
0.0
0.0
0.0
0.0
0.333
0.333
0.333
0.333
0.0
0.0
0.333
0.0
0.0
0.333
0.333
0.333
0.333
0.333
0.333
0.333
0.333
0.333
0.333
0.333
0.333
0.333
0.333
0.333
0.333
0.333
0.333
0.0
0.333
0.0
0.333
0.333
0.333
0.333
0.333
0.333
0.0
0.333
0.333
0.333
0.0
0.0
0.333
0.0
0.0
0.01
0.01
0.01
0.01
0.01
0.01
0.333
0.333
0.333
0.333
0.333
0.333
0.0
0.0
0.0
0.333
0.333
0.333
0.0
0.333
0.0
0.0
0.333
0.0
0.0
0.0
0.0
0.3333333333333333
0.0
0.333
0.333
0.333
0.333
0.01
0.333
0.01
0.333
0.333
0.333
0.333
0.0
0.333
0.333
0.0
0.0
0.0
0.0
0.0
0.9285714285714286
0.333
0.333
0.333
0.0
0.333
0.333
0.333
0.333
0.333
0.333
0.333
0.333
0.333
0.333
0.333
0.0
0.0
0.333
0.333
0.333
0.333
0.333
0.333
0.333
0.333
0.333
0.333
0.333
0.333
0.333
0.333
0.333
0.333
0.333
0.0
0.0
0.333
0.333
0.333
0.333
0.0
0.5
0.333
0.333
0.333
0.333
0.333
0.333
0.333
0.333
0.333
0.333
0.333
0.0
0.333
0.333
0.333
0.333
0.333
0.333
0.333
0.333
0.333
0.333
0.333
0.333
0.333
0.333
0.333
0.333
0.0
0.0
0.0
0.0
0.333
0.333
0.333
0.333
0.333
0.333
0.333
0.333
0.333
0.333
0.333
0.333
0.333
0.0
0.0
0.0
0.0
0.333
0.333
0.333
0.0
0.01
0.01
0.01
0.333
0.48936170212765956
0.48936170212765956
0.333
0.333
0.333
0.0
0.333
0.16666666666666666
0.333
0.0
0.0
0.333
0.333
0.333
0.333
0.333
0.333
0.0
0.333
0.333
0.333
0.333
0.333
0.333
0.333
0.333
0.333
0.0
0.0
0.0
0.0
0.0
0.333
0.333
0.0
0.0
0.333
0.333
0.333
0.333
0.0
0.0
0.333
0.333
0.0
0.0
0.0
0.333
0.333
0.333
0.0
0.5
0.333
0.333
0.333
0.333
0.0
0.0
0.333
0.333
0.0
0.0
0.333
0.333
0.333
0.333
0.333
0.333
0.0
0.333
0.333
0.333
0.0
0.0
0.0
0.95
0.0
0.333
0.333
0.333
0.333
0.333
0.8888888888888888
0.333
0.0
0.333
0.333
0.0
0.333
0.333
0.0
0.333
0.333
0.333
0.333
0.0
0.0
0.333
0.0
0.333
0.333
0.333
0.0
0.0
0.0
0.333
0.333
0.333
0.333
0.333
0.333
0.333
0.0
0.0
0.333
0.333
0.333
0.333
0.333
0.333
0.333
0.333
0.333
0.333
0.333
0.0
0.333
1.0
0.333
0.333
0.0
0.0
0.333
0.333
0.19230769230769232
0.333
0.333
0.333
0.333
0.333
0.333
0.333
0.333
0.333
0.333
0.333
0.333
0.0
0.0
0.333
0.333
0.333
0.0
0.333
0.333
0.0
0.333
0.333
0.333
0.0
0.333
0.333
0.0
0.333
0.333
0.333
0.333
0.333
0.333
0.0
0.19230769230769232
0.333
0.333
0.0
0.333
0.333
0.333
0.0
0.333
0.333
0.333
0.333
0.333
0.333
0.333
0.333
0.333
0.0
0.0
0.333
0.0
0.0
0.333
1.0
1.0
0.333
0.333
0.0
0.333
0.0
0.0
0.0
0.0
0.0
0.0
0.333
0.333
0.333
0.333
0.333
0.333
0.0
0.0
0.333
0.333
0.333
0.0
0.0
0.333
0.8666666666666667
0.8666666666666667
0.333
0.333
0.333
0.0
0.333
0.333
0.333
0.333
0.0
0.0
0.0
0.0
0.333
0.0
0.333
0.0
0.333
0.333
0.333
0.333
0.333
0.333
0.333
0.333
0.333
0.333
0.333
0.333
0.333
0.0
0.333
0.333
0.333
0.333
0.333
0.333
0.333
0.8
0.14285714285714285
0.0
0.0
0.333
0.333
0.333
0.333
0.333
0.0
0.333
1.0
0.333
0.333
0.0
0.0
0.0
0.0
0.333
0.0
0.333
0.0
0.0
0.333
0.0
0.0
0.333
0.0
0.0
0.0
0.0
0.0
0.0
0.0
0.0
0.0
0.0
0.333
0.333
0.0
0.333
0.0
0.0
0.333
0.333
0.0
0.0
0.0
0.333
0.333
0.0
0.333
0.0
0.0
0.0
0.0
0.333
0.333
0.333
0.333
0.7727272727272727
0.333
0.333
0.333
0.333
0.9210526315789473
0.333
0.333
0.333
0.333
0.333
0.0
0.333
0.0
0.0
0.333
0.333
0.333
0.0
0.0
0.0
0.0
0.0
0.0
0.0
0.333
0.333
0.333
0.333
0.333
0.333
0.333
0.333
1.0
0.0
0.0
0.0
0.0
0.0
0.0
0.0
0.0
0.333
0.333
0.333
0.333
0.333
0.333
0.333
0.333
0.0
0.333
0.0
0.333
0.333
0.0
0.333
0.0
0.333
0.0
0.8181818181818182
0.0
0.333
0.333
0.333
0.333
0.333
0.0
0.0
0.0
0.333
0.333
0.333
0.333
0.333
0.0
0.333
0.333
0.0
0.333
0.0
0.0
0.333
0.333
0.0
0.0
0.333
0.0
0.0
0.333
0.333
0.333
0.333
0.333
0.0
0.5
0.333
0.333
0.333
0.0
0.0
0.0
0.333
0.333
0.333
0.927007299270073
0.333
0.333
0.333
0.333
0.333
0.333
0.0
0.0
0.333
0.333
0.333
0.333
0.333
0.333
0.333
0.333
0.333
0.0
0.333
0.0
0.333
0.333
0.0
0.0
0.0
0.0
0.0
0.0
0.0
0.0
0.333
0.333
0.333
0.333
0.333
0.333
0.333
0.333
0.333
0.333
0.333
0.9354838709677419
0.333
0.333
0.333
0.333
0.333
0.0
0.0
0.333
0.333
0.333
0.333
0.0
0.333
0.01
0.333
1.0
0.0
0.333
0.875
0.875
0.875
0.875
0.333
0.333
0.333
0.333
0.333
0.333
0.333
0.333
0.333
0.333
0.333
0.0
0.333
0.333
0.333
0.333
0.0
0.0
0.333
0.333
0.333
0.3333333333333333
0.8571428571428571
0.333
0.5
0.333
0.9615384615384616
0.333
0.333
0.333
0.333
0.25
0.0
0.0
0.333
0.333
0.333
0.333
0.333
0.333
0.333
0.333
0.333
0.333
0.333
0.333
0.0
0.3333333333333333
0.0
0.333
0.0
0.0
0.333
0.333
0.333
0.333
0.333
0.333
0.0
0.333
0.333
0.1
0.0
0.333
0.0
0.333
0.0
0.333
0.0
0.333
0.8809523809523809
0.9444444444444444
0.333
0.0
0.333
0.0
0.5
0.5
0.0
0.333
0.333
0.333
0.333
0.0
0.0
0.0
0.0
0.0
0.0
0.333
0.333
0.333
0.333
0.0
0.333
0.333
0.333
0.333
0.333
0.333
0.333
0.0
0.333
0.333
0.333
0.333
0.333
0.333
0.0
0.333
0.333
0.333
0.333
0.333
0.333
0.333
0.333
0.333
0.333
0.333
0.333
0.333
0.333
0.333
0.333
0.333
0.333
0.333
0.333
0.333
0.0
0.0
0.333
0.333
0.333
0.333
0.333
0.333
0.0
0.333
0.333
0.333
0.333
0.333
0.333
0.333
0.0
0.0
0.333
0.333
0.0
0.333
0.333
0.0
0.333
0.333
0.333
0.333
0.333
0.0
0.0
0.333
0.7272727272727273
0.7272727272727273
0.0
0.333
0.333
0.333
0.333
0.333
0.0
0.0
0.333
0.333
0.333
0.333
0.333
0.333
0.333
0.333
0.333
0.333
0.333
0.333
0.333
0.333
0.0
0.333
0.333
0.333
0.333
0.333
0.0
0.0
0.333
0.333
0.333
0.333
0.333
0.333
0.333
0.333
0.333
0.9019607843137255
0.333
0.333
0.333
0.333
0.333
0.333
0.333
0.333
0.333
0.333
0.333
0.9090909090909091
0.333
0.333
0.333
0.333
0.333
0.333
0.333
1.0
0.333
0.333
0.0
0.333
0.0
0.333
0.333
0.333
0.333
0.0
0.333
0.333
0.333
0.0
0.333
0.333
0.333
0.333
0.0
0.0
0.333
0.333
0.333
0.333
0.333
0.333
0.333
0.333
0.333
0.333
0.333
0.333
0.333
0.333
0.333
0.333
0.333
0.333
0.333
0.333
0.333
0.333
0.333
0.333
0.333
0.333
0.333
0.333
0.333
0.333
0.333
0.333
0.333
0.333
0.333
0.333
0.333
0.333
0.333
0.333
0.333
0.333
0.333
0.333
0.333
0.333
0.333
0.333
0.333
0.333
0.333
0.333
0.333
0.333
0.333
0.333
0.333
0.333
0.333
0.333
0.333
0.333
0.333
0.333
0.333
0.333
0.333
0.333
0.333
0.333
0.333
0.333
0.333
0.333
0.333
0.333
0.0
0.333
0.0
0.333
0.0
0.0
0.0
0.0
0.0
0.0
0.333
0.333
0.333
0.0
0.0
0.333
0.333
0.333
0.333
0.0
0.0
0.333
0.0
0.333
0.333
0.0
0.333
0.333
0.9090909090909091
0.9090909090909091
0.0
0.0
0.0
0.0
0.0
0.0
0.0
0.0
0.0
0.0
0.333
0.333
0.333
0.333
0.333
0.0
0.333
0.333
0.333
0.333
0.0
0.333
0.333
0.0
0.0
0.333
0.333
0.333
0.333
0.333
0.0
0.333
0.333
0.333
0.333
0.333
0.333
0.333
0.333
0.0
0.0
0.333
0.01
0.01
0.333
0.333
0.333
0.333
0.333
0.333
0.0
0.333
0.333
0.333
0.0
0.333
0.333
0.333
0.333
1.0
0.333
0.333
0.9565217391304348
0.0
0.0
0.333
0.333
0.333
0.333
0.333
0.333
0.333
0.333
0.0
0.333
0.333
0.333
0.333
0.333
0.0
0.333
0.333
0.333
0.333
0.0
0.0
0.0
0.333
0.0
0.333
0.0
0.333
0.333
0.0
0.333
0.0
0.333
0.0
0.0
0.0
0.333
0.0
0.333
0.333
0.3333333333333333
1.0
0.333
0.333
0.3333333333333333
0.333
0.333
0.333
0.333
0.333
0.333
0.75
0.75
0.0
0.01
0.0
0.0
0.0
0.333
0.333
0.333
0.333
0.0
0.6666666666666666
0.0
0.625
0.0
0.0
0.333
0.333
0.333
0.2857142857142857
0.0
0.333
0.3333333333333333
0.333
0.333
0.333
0.0
0.01
0.01
0.0
0.0
0.0
0.0
0.333
0.0
0.0
0.333
0.333
0.0
0.333
0.0
0.0
0.0
0.0
0.0
0.333
0.333
0.333
0.333
0.333
0.333
0.333
0.333
0.333
0.333
0.333
0.333
0.333
0.333
0.333
0.333
0.333
0.333
0.333
0.333
0.333
0.333
0.333
0.333
0.333
0.333
0.333
0.333
0.333
0.333
0.333
0.0
0.333
0.333
0.333
0.333
0.333
0.333
0.333
0.333
0.333
0.333
0.333
0.333
0.333
0.333
0.333
0.0
0.0
0.0
0.0
0.333
0.333
0.333
0.333
0.333
0.0
0.333
0.333
0.0
0.333
0.333
0.333
0.333
0.333
0.333
0.0
0.333
0.0
0.0
0.0
0.333
0.333
0.333
0.333
0.333
0.333
0.333
0.333
0.333
0.0
0.333
0.333
0.333
0.333
0.333
0.333
0.0
0.333
0.0
0.333
0.333
0.333
0.333
0.333
0.333
0.333
0.333
0.333
0.333
0.0
0.0
0.333
0.333
0.333
0.333
0.333
0.333
0.333
0.333
0.333
0.333
0.333
0.0
0.333
0.333
0.333
0.333
0.333
0.333
0.333
0.0
0.333
0.333
0.333
0.333
0.333
0.333
0.333
0.333
0.333
0.333
1.0
0.333
0.333
0.333
0.0
0.333
0.333
0.0
0.8363636363636363
0.333
0.333
0.333
0.333
0.0
0.0
0.0
0.333
0.333
0.8181818181818182
0.0
0.333
0.0
0.333
0.8363636363636363
0.9285714285714286
0.333
0.007751937984496124
0.333
0.0
0.333
0.333
0.333
0.333
0.333
0.333
0.0
0.333
0.333
0.9285714285714286
0.333
0.333
0.333
0.333
0.0
0.333
0.333
0.333
0.0
0.333
0.333
0.7580645161290323
0.8363636363636363
0.333
0.333
0.333
0.333
0.333
0.0
0.0
0.333
0.333
0.333
0.333
0.333
0.333
0.0
0.9838709677419355
0.333
0.0
0.0
0.333
0.333
0.333
0.0
0.0
0.0
0.333
0.333
0.333
0.333
0.333
0.333
0.0
0.333
0.333
0.333
0.333
0.333
0.333
0.333
0.333
0.01
0.333
0.333
0.333
0.333
0.333
0.0
0.0
0.0
0.333
0.3333333333333333
0.333
0.333
0.0
0.06451612903225806
0.333
0.3333333333333333
0.333
0.333
0.333
0.333
0.333
0.333
0.01
0.333
0.333
0.333
0.0
0.333
0.0
0.333
0.333
0.0
0.7540983606557377
0.333
0.333
0.333
0.333
0.333
0.333
0.333
0.333
0.333
0.333
0.0
0.333
0.333
0.333
0.333
0.333
0.7540983606557377
0.7540983606557377
0.0
0.0
0.0
0.0
0.333
0.01
0.01
0.333
0.0
0.0
0.333
0.333
0.0
0.0
0.0
0.333
0.0
0.333
1.0
0.333
0.333
0.333
0.333
0.333
0.0
0.333
0.333
0.333
0.333
0.333
0.333
0.333
0.333
0.333
0.333
0.333
0.5454545454545454
0.333
0.333
0.9090909090909091
0.9090909090909091
0.01
0.01
0.01
0.333
0.01
0.333
0.333
0.333
0.333
0.333
0.0
0.0
0.0
0.333
0.333
0.333
0.0
0.3333333333333333
0.333
0.333
0.333
0.333
0.0
0.333
0.333
0.0
0.333
0.333
0.0
0.333
0.0
0.0
0.333
0.0
0.333
0.333
0.0
0.0
0.0
0.0
0.0
0.0
0.0
0.333
0.0
0.333
0.333
0.3333333333333333
0.0
0.0
0.333
0.333
0.333
0.333
0.333
0.333
0.333
0.333
0.333
0.0
0.0
0.333
0.333
0.0
0.0
0.0
0.333
0.333
0.333
0.333
0.333
0.333
0.0
0.0
0.333
0.333
0.333
0.333
0.333
0.333
0.333
0.333
0.333
0.333
0.0
0.333
0.333
0.333
0.0
0.333
0.0
0.333
0.0
0.9714285714285714
0.0
0.9433962264150944
0.9552238805970149
0.2631578947368421
0.333
0.0
0.0
0.0
0.333
0.333
0.333
0.333
0.333
0.0
0.333
0.333
0.9861111111111112
0.0
0.0
0.333
0.0
0.0
0.333
0.333
0.333
0.333
0.333
0.333
0.01
0.8392857142857143
0.333
0.333
0.0
0.0
0.333
0.0
0.0
0.0
0.333
0.333
0.0
0.333
0.333
0.0
0.333
0.0
0.333
0.333
0.333
0.333
0.0
0.333
0.0
0.8
0.0
0.0
0.0
0.333
0.333
1.0
0.78125
0.78125
0.333
0.0
0.333
0.333
0.333
0.333
0.0
0.0
0.333
0.333
0.333
0.0
0.333
0.01
0.01
0.333
0.0
0.0
0.333
0.0
0.333
0.333
0.333
0.333
0.333
0.333
0.333
0.0
0.333
0.333
0.333
0.333
0.333
0.0
0.0
0.333
0.333
0.333
0.0
0.333
0.333
0.0
0.333
0.333
0.333
0.333
0.9428571428571428
0.333
0.333
0.333
0.333
0.333
0.333
0.0
0.0
0.0
0.0
0.0
0.0
0.0
0.01
0.0
0.01
1.0
0.333
0.333
0.333
0.333
0.0
0.0
0.333
0.0
0.333
0.3333333333333333
0.333
0.333
0.333
0.0
0.0
0.0
0.333
0.333
0.333
0.333
0.0
0.0
0.333
0.333
0.333
0.333
0.333
0.0
0.0
0.333
0.333
0.0
0.0
0.333
0.3333333333333333
0.333
0.0
0.333
0.625
0.333
0.333
0.333
0.0
0.333
0.0
1.0
0.333
0.9565217391304348
0.0
0.333
0.333
0.333
0.333
0.01
0.9919678714859438
0.0
0.333
0.333
0.333
0.333
0.333
0.333
0.0
0.333
0.333
0.333
0.333
0.333
0.333
0.0
0.0
0.0
0.0
0.0
0.0
0.0
0.0
0.333
0.333
0.0
0.0
0.333
0.333
0.333
0.333
0.333
0.333
0.333
0.333
0.0
0.0
0.333
0.333
0.3333333333333333
0.333
0.0
0.333
0.333
0.0
0.0
0.333
0.0
0.0
0.333
0.333
0.0
0.0
0.0
0.333
0.0
0.333
0.333
0.333
0.333
0.333
0.0
0.0
0.0
0.333
0.333
0.333
0.0
0.333
0.0
0.333
0.0
0.574468085106383
0.0
0.5833333333333334
0.6153846153846154
0.2857142857142857
0.333
0.333
0.0
0.01
0.01
0.0
0.0
0.0
0.7692307692307693
0.333
0.333
0.8837209302325582
0.9565217391304348
0.9565217391304348
0.333
0.333
0.333
0.0
0.0
0.333
0.333
0.0
0.333
0.333
0.333
0.0
0.333
0.333
0.333
0.0
0.0
0.0
0.0
0.0
0.01
0.01
0.01
0.333
0.01
0.0
0.0
0.0
0.0
0.0
0.333
0.0
0.333
0.333
0.0
0.333
0.6147540983606558
0.333
0.0
0.333
0.6147540983606558
0.333
0.333
0.333
0.333
0.1111111111111111
0.333
0.333
0.0
0.0
0.0
0.333
0.333
0.333
0.333
0.333
0.0
0.0
0.333
0.333
0.333
0.333
0.333
0.0
0.0
0.0
0.0
0.333
1.0
0.0
0.0
0.333
0.333
0.333
0.333
0.9411764705882353
0.9411764705882353
0.333
0.0
0.0
0.0
0.333
0.333
0.333
0.0
0.0
0.0
0.0
0.0
0.333
0.333
0.333
0.333
0.333
0.0
0.333
0.333
0.333
0.0
0.333
0.0
0.0
0.333
0.333
0.333
1.0
0.8241758241758241
0.01
0.333
0.0
0.333
0.0
0.333
0.333
0.333
0.333
0.0
0.0
0.333
0.333
0.333
0.333
0.333
0.333
0.333
0.7666666666666667
0.333
0.333
0.01
0.01
0.333
0.333
0.333
0.333
0.333
0.0
0.333
0.333
0.333
0.333
0.0
0.01
0.0
0.0
0.333
0.0
0.333
0.01
0.0
0.0
0.333
0.333
0.333
0.0
0.0
0.0
0.0
0.0
0.333
0.333
0.0
0.0
0.333
0.333
0.333
0.333
0.333
0.0
0.0
0.01
0.333
0.333
0.333
0.333
0.333
0.333
0.333
0.333
0.6666666666666666
0.0
0.333
0.333
0.333
0.0
0.333
0.333
0.333
0.0
0.333
0.333
0.0
0.333
0.333
0.333
0.0
0.0
0.0
0.0
0.5
0.0
0.0
0.333
0.333
0.0
0.0
0.333
0.9487179487179487
0.9487179487179487
0.333
0.333
0.333
0.333
0.333
0.333
0.333
0.333
0.333
0.0
0.333
0.0
0.1
0.1
0.1
0.1
0.1
0.333
0.0
0.0
0.333
0.333
0.333
0.333
0.333
0.333
0.0
0.333
0.0
0.0
0.0
0.0
0.0
0.0
0.0
0.0
0.2857142857142857
0.0
0.0
0.3333333333333333
0.0
0.333
0.333
0.0
0.0
0.333
0.333
0.333
0.333
0.333
0.333
0.333
0.0
0.0
0.0
0.333
0.333
0.9259259259259259
0.333
0.333
0.333
0.333
0.333
0.333
0.333
0.0
0.0
0.333
0.333
0.0
0.333
0.333
0.333
0.333
0.333
0.333
0.333
0.333
0.333
0.333
0.0
1.0
0.0
0.0
0.0
0.333
0.0
0.0
0.0
0.0
0.0
0.0
0.0
0.333
0.333
0.0
0.0
0.0
0.333
0.333
0.333
0.333
0.333
0.333
0.333
0.333
0.0
0.333
0.333
0.0
0.0
0.333
0.333
0.0
0.333
0.333
0.333
0.333
0.333
0.333
0.333
0.333
0.0
0.333
0.333
0.0
0.0
0.0
0.0
0.333
0.333
0.333
0.0
1.0
0.0
0.0
0.0
0.333
0.0
0.6571428571428571
0.9298245614035088
0.333
0.333
0.0
0.333
0.333
0.0
0.333
0.333
0.0
0.0
0.0
0.333
0.0
0.0
0.333
0.333
0.333
0.0
0.333
0.333
0.333
0.0
0.0
0.333
0.333
0.0
0.9259259259259259
0.9259259259259259
0.5714285714285714
0.0
0.0
0.333
0.0
0.0
0.333
0.333
0.333
1.0
1.0
0.0
0.333
0.0
0.333
0.0
0.333
0.333
0.333
0.0
0.333
0.333
0.333
0.0
0.333
0.333
0.333
0.0
0.333
0.333
0.0
0.0
0.333
0.0
0.333
0.0
0.0
0.0
0.0
0.333
0.333
0.333
0.333
0.333
1.0
1.0
0.0
0.0
0.333
0.0
0.333
0.333
0.0
0.0
0.333
0.0
0.01
0.0
0.0
0.0
0.0
0.0
0.0
0.0
0.333
0.333
0.333
0.333
0.333
0.333
0.0
0.333
0.333
0.0
0.0
0.333
0.333
0.0
0.0
1.0
0.0
0.0
0.0
0.0
0.0
0.0
0.0
0.6557377049180327
0.9016393442622951
0.0
0.333
0.0
0.0
0.6557377049180327
0.333
0.333
0.333
0.333
0.0
0.0
0.333
0.333
0.333
0.333
0.333
0.16666666666666666
0.333
0.333
0.333
0.333
0.333
0.333
0.0
0.333
0.333
0.333
0.333
1.0
0.0
0.0
0.333
0.0
0.333
1.0
0.333
0.333
0.0
0.333
0.0
0.0
0.0
0.0
0.333
0.333
0.333
0.6637168141592921
0.0
0.0
0.0
0.333
0.333
0.0
0.0
0.333
0.333
0.333
0.625
0.0
0.0
0.0
0.0
0.333
0.333
0.0
0.333
0.0
0.333
0.333
0.9083333333333333
0.333
0.333
0.333
0.333
0.0
0.0
0.0
0.333
0.0
0.333
0.0
0.0
0.333
0.333
0.333
0.333
0.333
0.0
0.0
0.0
0.0
0.333
0.2857142857142857
0.0
0.6
0.0
0.333
0.333
0.333
0.0
0.333
0.333
0.333
0.0
0.333
0.0
0.0
0.333
0.333
0.0
0.0
0.333
0.333
0.333
0.0
0.0
0.0
0.333
0.0
0.0
0.333
0.333
0.333
0.333
0.333
0.333
0.0
0.0
0.0
0.333
0.333
0.0
0.0
0.0
0.333
0.333
0.0
0.0
0.0
0.333
0.333
0.333
0.0
0.0
0.0
0.0
0.0
0.0
0.6666666666666666
0.333
0.0
0.0
0.333
0.333
0.333
0.333
0.0
0.0
0.0
0.0
0.0
0.01
0.01
0.0
0.01
0.0
0.0
0.333
0.333
0.333
0.0
0.0
0.0
0.0
0.333
0.333
0.0
0.9722222222222222
0.0
0.0
0.333
0.333
0.0
0.0
0.625
0.333
0.333
0.0
0.0
0.01
0.333
0.333
0.9448818897637795
0.333
0.0
0.0
0.0
0.0
0.0
0.0
0.0
0.0
0.0
0.0
0.0
0.0
0.0
0.333
0.0
0.0
0.333
0.333
0.333
0.333
0.9448818897637795
0.01
0.333
0.333
0.333
0.0
0.0
0.0
0.0
0.0
0.333
0.333
0.333
0.333
0.0
0.0
0.0
0.333
0.333
0.0
0.0
0.0
0.0
0.0
0.0
0.0
0.0
0.0
0.333
0.01
0.9655172413793104
0.2857142857142857
0.333
0.333
0.333
0.333
0.0
0.18181818181818182
0.333
0.333
0.0
0.0
0.0
0.333
0.0
0.0
0.333
0.333
0.333
0.9567567567567568
0.8703703703703703
0.333
0.333
0.333
0.0
0.0
0.0
0.0
0.0
0.333
0.333
0.333
0.333
0.333
0.333
0.333
0.333
0.333
0.333
0.333
0.333
0.333
0.0
0.0
0.0
0.0
0.333
0.333
0.0
0.0
0.0
0.0
0.333
0.0
0.0
0.0
0.0
0.01
0.0
0.0
0.0
0.0
0.9142857142857143
0.333
0.333
0.0
0.0
0.0
0.333
0.333
0.333
0.333
0.0
0.333
0.333
0.333
0.333
0.13432835820895522
0.13432835820895522
0.333
0.333
0.0
0.333
0.333
0.0
0.333
1.0
0.0
0.0
0.0
0.333
0.333
0.333
0.333
0.0
0.333
0.333
0.333
0.0
0.0
0.333
0.333
0.9444444444444444
0.9411764705882353
0.9411764705882353
0.0
0.0
0.0
0.333
0.0
0.333
0.333
0.333
0.0
0.333
0.0
0.333
0.333
0.333
0.0
0.0
0.333
0.333
0.0
0.333
0.333
0.0
0.0
0.0
0.333
0.333
0.333
0.333
0.333
0.0
0.0
0.333
0.333
0.333
0.0
0.0
0.333
0.333
0.333
0.333
0.333
1.0
0.333
0.0
0.333
0.0
0.333
0.333
0.0
0.0
0.0
0.0
0.0
0.951048951048951
0.8333333333333334
0.333
0.01
0.333
0.0
0.333
0.0
0.333
0.333
0.333
0.01
0.0
1.0
0.333
0.0
0.333
0.333
0.333
0.333
0.333
0.0
0.333
0.8409090909090909
0.0
0.0
0.6363636363636364
0.6363636363636364
0.333
0.333
0.333
0.333
0.022058823529411766
0.8536585365853658
0.0
0.333
0.333
0.0
0.0
0.333
0.8571428571428571
0.8571428571428571
0.333
0.333
0.333
0.333
0.0
0.0
0.333
0.333
0.333
0.333
0.333
0.333
0.333
0.234375
0.333
0.9354838709677419
1.0
0.333
0.333
0.0
0.333
0.0
0.0
0.333
0.333
0.333
0.333
1.0
0.333
0.333
0.333
0.0
0.0
0.333
0.333
0.0
0.0
0.0
0.0
0.0
0.0
0.0
0.01
0.8571428571428571
0.8571428571428571
0.8571428571428571
0.8571428571428571
0.8571428571428571
0.8571428571428571
0.8571428571428571
0.8571428571428571
0.8571428571428571
0.8571428571428571
0.333
0.333
0.333
0.0
0.0
0.333
0.333
0.333
0.333
0.01
0.16666666666666666
0.333
0.333
0.333
0.333
0.333
0.333
0.333
0.333
0.333
0.333
0.333
0.0
0.0
0.333
0.333
0.333
0.333
0.333
0.333
0.333
0.333
0.0
0.333
0.333
0.3333333333333333
0.0
0.333
0.333
0.333
0.0
0.0
0.0
0.333
0.333
0.333
0.333
0.333
0.333
0.9272727272727272
0.333
0.333
0.333
0.333
0.0
0.333
0.333
0.333
0.333
0.0
0.0
0.333
0.0
0.0
0.333
0.333
0.333
0.333
0.333
0.333
0.333
0.333
0.0
0.0
0.333
0.0
0.333
0.333
0.333
0.3333333333333333
0.333
0.333
0.333
0.333
0.1
0.0
0.333
0.333
0.333
0.333
0.333
0.333
0.333
0.333
0.0
0.0
0.0
0.333
0.333
0.333
0.0
0.333
0.333
0.333
0.0
0.333
0.333
0.0
0.0
0.9137931034482759
0.333
0.01
0.333
0.9411764705882353
0.333
0.333
0.333
0.333
0.875
0.333
0.333
0.0
0.0
0.0
0.333
0.333
0.0
0.0
0.333
0.333
0.333
0.333
0.38461538461538464
0.38461538461538464
0.333
0.333
0.333
0.333
0.333
0.0
0.0
0.333
0.333
0.333
0.333
0.333
0.333
0.333
0.333
0.333
0.333
0.0
0.0
0.0
0.0
0.0
0.333
0.0
0.0
0.0
0.3333333333333333
0.333
0.0
0.0
0.333
0.333
0.0
0.0
0.333
0.333
0.0
0.333
0.0
0.333
0.0
0.0
0.0
0.9375
0.333
0.333
0.333
0.333
0.0
0.333
0.333
0.0
0.0
0.0
0.0
0.333
0.333
0.333
0.333
0.333
0.333
0.333
0.2857142857142857
0.0
0.333
0.333
0.333
0.333
0.333
0.8
0.0
0.0
0.0
0.333
0.333
0.0
0.333
0.0
0.0
0.333
0.333
0.0
0.333
0.333
0.333
0.333
0.0
0.0
0.333
0.0
0.333
0.333
0.333
1.0
0.333
0.333
0.333
0.7391304347826086
0.1875
0.9696969696969697
0.8695652173913043
0.333
0.333
0.333
0.8695652173913043
0.0
0.0
0.0
0.0
0.333
0.333
0.333
0.333
0.0
0.8461538461538461
0.0
0.333
0.333
0.333
0.0
0.0
0.333
0.0
0.0
0.0
0.0
0.333
0.333
0.333
0.7391304347826086
0.333
0.333
0.333
0.333
0.333
0.0
0.0
0.333
0.0
0.0
0.0
0.0
0.0
0.333
0.333
0.333
0.333
0.0
0.5909090909090909
0.333
0.333
0.333
0.0
0.0
0.0
0.0
0.333
0.0
0.0
0.0
0.0
0.0
0.0
0.333
0.333
0.333
0.333
0.333
0.333
0.333
0.0
0.03571428571428571
0.03571428571428571
0.0
0.333
0.333
0.333
0.333
0.333
0.333
0.333
0.0
0.333
0.333
0.333
0.333
0.333
0.333
0.333
0.0
0.0
0.0
0.0
0.333
0.0
0.0
0.0
0.36
0.0
0.0
0.0
0.333
0.333
0.0
0.333
0.0
1.0
0.333
0.0
0.333
0.9818181818181818
0.333
0.8275862068965517
0.333
0.333
0.333
0.333
0.333
0.0
0.0
0.0
0.0
0.16666666666666666
0.333
0.333
0.6470588235294118
0.0
0.333
0.2857142857142857
0.333
0.2
0.333
0.898989898989899
0.898989898989899
0.333
0.333
0.333
0.0
0.333
0.0
0.0
0.9180327868852459
0.0
0.333
0.333
0.333
0.0
0.333
0.0
0.0
0.0
0.0
0.0
0.0
0.0
0.333
0.3333333333333333
0.0
0.0
0.0
0.0
0.333
0.8306451612903226
0.0
0.0
0.0
0.0
0.0
0.0
0.333
0.0
0.0
0.0
0.333
0.333
0.333
0.0
0.333
0.333
0.333
0.0
0.0
0.0
0.0
0.0
0.0
0.0
0.333
0.333
0.333
0.3333333333333333
0.3333333333333333
0.3333333333333333
0.3333333333333333
0.0
0.0
0.333
0.333
0.333
0.6
0.6
0.0
0.333
0.333
0.333
0.333
0.333
0.333
0.333
0.2857142857142857
0.0
0.0
0.0
0.0
0.0
0.36538461538461536
0.0
0.0
0.0
0.333
0.333
0.333
0.0
0.333
0.9764705882352941
0.333
0.0
0.0
0.333
0.0
0.333
0.8333333333333334
0.8333333333333334
0.7142857142857143
0.9583333333333334
0.333
0.333
0.333
0.333
0.333
0.333
0.333
0.0
0.333
0.333
0.333
0.0
0.0
0.333
0.333
0.333
0.333
0.333
0.0
0.333
0.9736842105263158
0.9736842105263158
0.333
0.333
0.333
0.333
0.333
0.0
0.0
0.0
0.0
0.0
0.0
0.0
0.333
0.333
0.333
0.0
0.333
0.0
0.333
0.333
0.5714285714285714
0.0
0.3333333333333333
0.333
0.333
0.333
0.333
0.0
0.0
0.0
0.333
0.7142857142857143
0.333
0.333
0.333
0.333
0.333
0.333
0.333
0.0
0.0
0.333
0.333
0.9629629629629629
0.333
0.333
0.333
0.0
0.0
0.333
0.333
0.0
0.333
0.333
0.333
0.333
0.333
0.333
0.333
0.333
0.333
0.333
0.0
0.01
0.333
0.333
0.333
1.0
0.0
0.333
0.7619047619047619
0.7619047619047619
0.0
0.333
0.333
0.333
0.333
0.333
0.333
0.0
0.0
0.0
0.0
0.0
0.5
1.0
0.0
0.0
0.333
0.9657794676806084
0.333
0.333
0.333
0.333
0.333
0.333
0.333
0.333
0.333
0.333
0.333
0.333
0.333
0.333
0.333
0.333
0.0
0.0
0.333
0.333
0.333
0.333
0.333
0.333
0.333
0.0
0.333
0.333
0.333
0.333
0.333
0.333
0.333
0.0
0.333
0.333
0.333
0.333
0.333
0.333
0.333
0.333
0.8518518518518519
0.7794117647058824
0.333
0.333
0.333
0.333
0.333
0.9090909090909091
0.333
0.0
0.333
0.333
0.333
0.0
0.0
0.0
0.333
0.333
0.0
0.0
0.0
0.333
0.333
0.8518518518518519
0.0
0.9387755102040817
0.0
0.333
0.333
0.333
0.333
0.0
0.333
0.333
0.333
0.333
0.333
0.333
0.333
0.0
0.0
0.0
0.333
0.0
0.0
0.333
0.333
0.333
0.333
0.333
0.333
0.333
0.333
0.0
0.0
0.333
0.333
0.333
0.333
0.9090909090909091
0.0
0.0
0.0
0.0
0.333
0.333
0.333
0.0
0.333
0.9607843137254902
0.333
0.0
0.333
0.0
0.0
0.333
0.0
0.0
0.0
0.333
0.333
0.333
0.333
0.333
0.333
0.333
0.0
0.0
0.0
0.9712643678160919
0.333
0.333
0.333
0.0
0.0
0.0
0.0
0.333
0.9090909090909091
0.333
0.333
0.333
0.0
0.333
0.0
0.333
0.333
0.0
0.333
0.0
0.0
0.0
0.0
0.0
0.0
0.0
0.0
0.0
0.0
0.333
0.333
0.333
0.333
0.333
0.333
0.0
0.0
0.0
0.333
0.333
0.333
0.333
0.333
0.0
0.333
0.333
0.333
0.333
0.0
0.47674418604651164
0.0
0.01
0.0
0.0
0.0
0.333
0.333
0.333
0.333
0.0
0.0
0.333
0.333
0.0
0.333
0.0
0.0
0.333
0.333
0.333
0.333
0.9411764705882353
0.0
0.0
0.0
0.333
0.333
0.0
0.0
0.333
0.0
0.333
0.333
0.0
0.0
0.0
0.0
0.333
0.333
0.333
0.333
0.0
0.0
0.0
0.333
0.333
0.333
0.333
0.0
1.0
0.333
0.333
0.333
0.0
0.333
0.333
0.9137931034482759
0.9137931034482759
0.9137931034482759
0.0
0.0
0.9375
0.333
0.9224806201550387
0.0
0.333
0.333
0.0
0.9459459459459459
0.0
0.0
0.0
0.333
0.333
0.333
0.333
0.333
0.0
0.0
0.333
0.333
0.333
0.333
0.333
0.333
0.0
0.0
0.0
0.0
0.333
0.0
0.0
0.0
0.333
0.333
0.0
0.0
0.0
0.333
0.333
0.0
0.0
0.0
0.0
0.333
0.333
0.333
0.333
0.333
0.0
0.0
0.333
0.0
0.0
0.0
0.14285714285714285
0.0
0.0
0.0
0.0
0.0
0.0
0.0
0.0
0.0
0.0
0.333
0.0
0.0
0.0
0.0
0.0
0.333
0.0
0.333
0.0
0.0
0.0
0.0
0.0
0.0
0.333
0.0
0.0
0.0
0.0
0.0
0.0
0.0
0.333
0.333
0.9215686274509803
0.0
0.333
0.333
0.333
0.333
0.333
0.333
0.333
0.0
0.333
0.0
0.333
0.0
0.0
0.333
0.333
0.333
0.333
0.0
0.0
0.333
0.0
0.333
0.333
0.333
0.333
0.333
0.333
0.333
0.333
0.333
0.0
0.0
0.0
0.333
0.333
0.333
0.0
0.0
0.0
0.0
0.0
1.0
0.0
0.0
0.0
0.333
0.0
0.0
0.333
0.333
0.0
0.9130434782608695
0.5660377358490566
0.5660377358490566
0.0
0.333
0.14285714285714285
0.333
0.0
0.333
0.0
0.0
0.0
0.333
0.333
0.0
0.0
0.0
0.9565217391304348
0.9565217391304348
0.0
0.0
0.0
0.333
0.0
0.333
0.875
0.0
0.0
0.0
0.0
0.0
0.8181818181818182
0.333
0.333
0.333
0.0
0.0
0.333
0.0
0.0
0.0
0.9421487603305785
0.0
0.333
0.0
0.0
0.0
0.0
0.0
0.333
0.0
0.0
0.0
0.0
0.333
0.0
0.0
0.0
0.0
0.0
0.0
0.0
0.0
0.333
0.333
0.0
0.8
0.0
0.333
0.333
0.333
0.0
0.0
0.0
0.333
0.333
0.0
0.0
0.0
0.5
0.0
0.0
0.333
0.0
0.0
0.333
0.0
0.0
0.9850746268656716
0.9850746268656716
0.333
0.333
0.333
0.333
0.333
0.333
0.333
0.333
0.0
0.0
0.0
0.333
0.0
0.0
0.0
0.333
0.0
0.0
0.333
0.0
0.333
0.0
0.0
0.0
0.333
0.333
0.333
0.333
1.0
0.0
0.333
0.0
0.333
0.0
0.0
0.0
0.0
0.0
0.0
0.0
0.0
0.0
0.8620689655172413
0.0
0.0
1.0
0.0
0.0
0.0
0.0
0.0
0.0
0.0
0.0
0.0
0.0
0.0
0.0
0.333
0.333
0.333
0.2857142857142857
0.333
0.6666666666666666
0.0
0.0
0.333
0.333
0.0
0.0
0.3333333333333333
0.333
0.01
0.333
0.333
0.01
0.01
0.0
0.0
0.333
0.0
0.0
0.0
0.0
0.0
0.0
0.0
0.01
0.333
0.0
0.333
0.0
0.0
0.333
0.333
0.333
0.0
0.8
0.0
0.8333333333333334
0.0
0.0
0.0
0.0
0.333
0.333
0.0
0.333
0.333
0.0
0.333
0.0
0.0
0.0
0.0
0.0
0.0
0.333
0.333
0.0
0.0
0.333
0.0
0.333
0.333
0.0
0.0
0.0
0.0
0.333
0.333
0.333
0.333
0.333
0.333
0.333
0.333
0.0
0.333
0.333
0.0
0.0
0.0
0.0
0.0
0.8
0.0
0.0
0.0
0.0
0.0
0.333
0.0
0.0
0.333
0.333
0.0
0.0
0.0
0.0
0.333
0.333
0.0
1.0
0.333
0.333
0.333
0.0
0.0
0.333
0.0
0.0
0.0
0.333
0.333
0.333
0.333
0.0
0.0
0.0
0.333
0.0
0.0
0.0
0.333
0.0
0.8571428571428571
0.0
0.0
0.0
0.0
0.0
0.0
0.0
0.0
0.0
0.0
0.0
0.333
0.333
0.0
0.0
0.0
0.333
0.333
0.333
0.0
0.0
0.333
0.0
0.75
0.333
0.333
0.333
0.0
0.333
0.0
0.333
0.0
0.0
0.333
0.333
0.8787878787878788
0.0
0.0
0.333
0.333
0.333
0.0
0.333
0.983957219251337
0.9666666666666667
0.0
0.0
0.333
0.333
0.333
0.333
0.333
0.3333333333333333
0.333
0.333
0.333
0.333
0.333
0.333
0.333
0.0
0.0
0.0
0.0
0.0
0.0
0.0
0.333
0.333
0.333
0.333
0.333
0.333
0.333
0.333
0.0
0.0
0.0
0.0
0.0
0.0
0.0
0.9217171717171717
0.333
0.0
0.0
0.333
0.333
0.333
0.333
0.333
0.0
0.0
0.0
0.0
0.0
0.333
0.333
0.333
0.0
0.0
0.0
0.0
0.333
0.333
0.0
0.333
0.0
0.0
0.0
0.333
0.0
0.333
0.333
0.333
0.0
0.0
0.333
0.333
0.333
0.0
0.0
0.333
0.333
0.333
0.333
0.0
0.0
0.333
0.9615384615384616
0.333
0.333
0.0
0.0
0.0
0.333
0.333
0.333
0.333
0.333
0.0
0.0
0.333
0.0
0.333
0.333
0.333
0.0
0.0
0.0
0.333
0.333
0.0
0.0
0.333
0.333
0.333
1.0
0.333
0.333
1.0
0.333
0.333
0.333
0.333
0.333
0.3333333333333333
0.0
0.333
0.333
0.333
0.0
0.0
0.333
0.333
0.333
0.2
0.333
0.333
0.0
0.0
0.0
0.0
0.0
0.333
0.0
0.0
0.0
0.0
0.0
0.0
0.0
0.333
0.333
0.333
0.333
0.333
0.333
0.333
0.0
0.333
0.333
0.333
0.0
0.0
0.0
0.0
0.0
0.0
0.0
0.333
0.333
0.333
0.333
0.0
0.0
0.0
0.0
0.0
0.0
0.333
0.333
0.333
0.333
0.0
0.0
0.0
0.0
0.0
0.333
0.333
0.333
0.333
0.0
0.0
0.0
0.0
0.0
0.0
0.0
0.0
0.0
0.0
0.0
0.333
0.333
0.333
0.0
0.333
0.9444444444444444
0.0
0.0
0.0
0.0
0.0
0.0
0.2
0.0
0.333
0.0
0.0
0.333
0.333
0.333
0.333
0.333
0.0
0.0
0.333
0.333
0.333
1.0
0.333
0.8854166666666666
0.2
0.333
0.8
0.333
0.0
0.0
0.0
0.0
0.0
0.0
0.0
0.333
0.333
0.333
0.333
0.9512195121951219
0.0
0.0
0.0
0.0
0.333
0.0
0.8
0.333
0.0
0.0
0.333
0.333
0.0
0.333
0.0
0.3333333333333333
0.0
0.333
0.0
1.0
0.333
0.333
0.0
0.25
0.16666666666666666
0.25
0.3333333333333333
0.333
0.0
0.0
0.0
0.0
0.01
0.0
0.0
0.3333333333333333
0.333
0.333
0.333
0.333
0.333
0.0
0.333
0.333
0.333
0.0
0.0
0.333
0.333
0.333
0.0
0.0
0.0
0.0
1.0
1.0
1.0
1.0
1.0
0.0
0.333
0.0
0.0
0.0
0.3333333333333333
0.0
0.333
0.333
0.0
0.333
0.333
0.333
1.0
0.3333333333333333
0.333
0.0
0.333
0.7714285714285715
0.8072289156626506
0.333
0.0
0.0
0.0
0.01
0.333
0.8823529411764706
0.0
0.3333333333333333
0.0
0.0
0.0
0.333
0.0
0.333
0.333
0.0
0.333
0.0
0.0
0.0
0.0
0.25
0.333
0.0
0.333
0.333
0.333
0.88
0.333
0.333
1.0
0.333
0.0
0.333
0.333
0.333
0.333
0.0
0.333
0.0
0.3333333333333333
0.333
0.333
0.333
0.333
0.333
0.0
0.333
0.333
0.0
0.0
0.333
0.333
0.333
0.333
0.333
0.0
0.0
0.333
0.333
0.0
0.333
0.8771929824561403
0.333
0.333
0.333
1.0
0.0
0.333
0.333
0.0
0.333
0.3333333333333333
0.3333333333333333
0.333
0.3333333333333333
0.3333333333333333
0.3333333333333333
0.0
0.333
0.333
0.333
0.333
0.333
0.333
1.0
0.0
0.0
0.0
0.333
0.333
0.8461538461538461
0.8461538461538461
0.0
0.0
0.333
0.333
0.0
0.333
0.0
0.333
0.333
0.333
0.0
0.333
0.333
0.333
0.0
0.0
0.333
0.333
0.333
0.333
0.625
0.0
0.0
0.0
0.0
0.0
0.0
0.9507042253521126
0.20588235294117646
0.20588235294117646
0.0
0.333
0.333
0.333
0.333
0.333
0.333
0.333
0.333
0.333
0.333
0.333
0.333
0.333
0.333
0.333
0.333
0.333
0.333
0.333
0.333
0.333
0.333
0.333
0.0
0.0
0.8529411764705882
0.0
0.09090909090909091
0.0
0.01
0.0
0.0
0.0
0.0
0.333
0.021505376344086023
0.333
0.333
0.333
0.625
0.625
0.333
0.333
0.0
0.333
0.333
0.16666666666666666
0.333
0.333
0.0
0.9444444444444444
0.0
0.0
0.333
0.9333333333333333
0.333
0.333
0.333
0.333
0.333
0.333
0.333
0.0
0.0
0.0
0.0
0.0
0.333
0.333
0.0
0.333
0.9833333333333333
0.9833333333333333
0.9444444444444444
0.9444444444444444
0.0
0.333
0.333
0.333
0.0
0.75
0.0
0.333
0.333
0.011904761904761904
0.0
1.0
0.0
0.0
0.0
1.0
0.333
0.333
0.0
0.333
0.333
0.0
0.333
0.8
0.333
0.333
1.0
0.0
1.0
0.0
0.333
0.333
0.0
0.0
0.333
0.0
0.0
0.333
0.0
0.0
0.0
0.0
0.3333333333333333
0.16666666666666666
0.0
0.0
0.16666666666666666
0.0
0.333
0.333
0.333
0.0
0.0
0.333
0.16666666666666666
0.16666666666666666
0.8333333333333334
0.0
0.0
0.0
0.333
0.0
0.42857142857142855
0.333
0.0
0.0
0.0
0.0
0.0
0.0
0.0
0.0
0.0
0.0
0.0
0.0
0.0
0.0
0.16666666666666666
0.0
0.0
0.16666666666666666
0.333
0.333
0.16666666666666666
0.0
0.0
0.25
0.333
0.333
0.2
0.333
0.0
0.0
0.0
0.333
0.0
0.333
0.333
0.333
0.333
0.0
0.0
0.0
0.0
0.14285714285714285
0.16666666666666666
0.0
0.0
0.0
0.0
0.333
0.0
0.333
0.0
0.0
0.2
0.16666666666666666
0.3333333333333333
0.333
0.333
0.333
0.0
0.333
0.333
0.333
0.825
0.825
0.9285714285714286
0.333
0.333
0.333
0.333
0.333
0.0
0.0
1.0
0.333
0.0
0.0
0.333
0.0
0.0
0.333
0.333
0.0
0.004672897196261682
0.333
0.0
0.0
0.0
0.333
0.333
0.9454545454545454
0.0
0.0
0.0
0.333
0.333
0.333
0.0
0.125
0.125
1.0
1.0
0.333
0.16666666666666666
0.0
0.0
0.0
0.333
0.333
0.16666666666666666
0.16666666666666666
0.16666666666666666
0.0
0.333
0.333
0.0
0.0
0.6818181818181818
0.6818181818181818
0.6818181818181818
0.0
0.8709677419354839
0.333
0.0
0.0
0.0
0.0
0.6641221374045801
0.16666666666666666
0.0
0.333
0.0
0.333
0.333
0.16666666666666666
0.16666666666666666
0.333
0.333
0.333
0.333
0.0
0.0
0.333
0.333
0.333
0.333
0.333
0.333
0.16666666666666666
0.333
0.1
0.333
0.0
0.0
0.8524590163934426
0.6037735849056604
1.0
0.0
0.0
0.0
0.0
0.333
0.333
0.0
0.0
0.333
0.0
0.0
0.333
0.333
0.0
0.0
0.0
0.333
0.333
0.333
0.0
0.0
0.333
0.625
0.0
0.333
0.0
0.333
0.0
0.16666666666666666
0.0
0.333
0.333
0.333
0.333
0.0
0.333
0.333
0.333
1.0
0.3333333333333333
0.333
0.16666666666666666
0.9130434782608695
0.9428571428571428
0.0
0.8333333333333334
0.8333333333333334
0.9130434782608695
0.9130434782608695
0.9130434782608695
0.9130434782608695
0.9130434782608695
0.2857142857142857
0.3333333333333333
0.3333333333333333
0.333
0.0
1.0
0.0
0.333
0.3333333333333333
0.333
0.333
0.6666666666666666
0.333
0.0
0.333
0.333
0.0
0.0
0.333
0.333
0.8709677419354839
0.0
0.333
0.333
0.3333333333333333
1.0
0.2
0.4
0.5
0.333
0.3333333333333333
0.3333333333333333
0.75
0.0
1.0
1.0
1.0
0.0
0.0
0.333
0.333
0.9701834862385321
0.9701834862385321
0.333
0.0
0.0
0.0
0.0
0.0
0.0
0.0
0.0
0.0
0.0
0.16666666666666666
0.0
0.16666666666666666
0.0
0.0
0.333
0.0
0.16666666666666666
0.0
0.0
0.4782608695652174
0.333
0.333
0.0
0.333
0.333
0.333
0.333
0.333
0.333
0.333
0.333
0.333
0.333
0.333
0.333
0.333
0.333
0.333
0.333
0.333
0.333
0.333
0.333
0.333
0.333
0.333
0.333
0.333
0.333
0.333
0.333
0.333
0.333
0.333
0.333
0.333
0.333
0.333
0.0
0.0
0.0
0.333
0.333
0.333
0.0
0.0
0.333
0.0
0.333
0.333
0.16666666666666666
0.9907407407407407
0.9292035398230089
0.0
0.0
0.333
0.3076923076923077
0.333
0.625
0.16666666666666666
0.0
0.0
0.333
0.0
0.0
0.333
0.0
0.0
0.0
0.0
0.0
0.0
0.333
0.0
0.0
0.333
0.0
0.0
0.0
0.8867924528301887
0.333
0.0
1.0
0.0
0.333
0.333
0.333
0.2
0.333
0.333
0.0
0.0
0.333
0.0
0.0
0.0
0.0
0.0
0.0
0.2
0.0
0.16666666666666666
0.333
0.0
0.0
0.0
0.0
0.0
0.0
0.0
0.333
0.0
0.0
0.0
0.333
0.0
0.333
0.5
0.0
0.2
0.16666666666666666
0.14285714285714285
0.0
0.0
0.0
0.333
0.333
0.0
0.333
0.2
0.333
0.14285714285714285
0.0
0.0
0.2
0.333
0.0
0.333
0.0
0.0
0.0
0.333
0.333
0.2
0.0
0.0
0.333
0.2857142857142857
0.0
0.0
0.0
0.0
0.0
0.0
0.0
0.0
0.0
0.0
0.0
0.0
0.0
0.75
0.1951219512195122
0.22764227642276422
0.4444444444444444
0.16666666666666666
0.9130434782608695
0.333
0.0
0.0
0.0
0.0
0.0
0.2857142857142857
0.2857142857142857
0.2857142857142857
0.2
0.16666666666666666
0.0
1.0
0.333
0.0
0.0
0.0
0.0
0.0
0.0
0.0
0.0
0.333
0.0
0.0
0.0
0.16666666666666666
0.16666666666666666
0.0
0.0
0.333
0.333
0.0
0.333
1.0
0.0
0.0
0.0
0.0
0.0
0.0
0.16666666666666666
0.0
0.5
0.0
0.0
1.0
0.0
0.333
0.8026315789473685
0.2857142857142857
0.0
0.0
0.0
0.0
0.0
0.0
0.0
0.0
0.0
0.0
0.0
0.333
0.0
0.0
0.3333333333333333
0.333
0.333
0.0
0.16666666666666666
0.3333333333333333
0.0
0.0
0.333
0.333
1.0
0.333
0.333
0.9864864864864865
1.0
0.0
0.333
0.333
0.0
0.0
0.0
0.333
0.9411764705882353
0.0
0.0
0.0
0.333
0.0
0.0
0.0
0.0
0.0
0.2
0.4
0.0
0.9636363636363636
0.9636363636363636
0.333
0.333
0.9411764705882353
1.0
0.333
0.3333333333333333
0.8837209302325582
0.0
0.0
0.333
0.0
0.333
0.0
0.0
0.0
0.0
0.0
0.0
0.0
0.0
0.8585858585858586
0.333
0.0
0.0
0.0
0.0
0.3333333333333333
0.0
0.0
0.0
0.333
0.333
0.16666666666666666
0.333
0.0
0.6134453781512605
0.9207920792079208
0.9207920792079208
0.752
0.752
0.6134453781512605
0.8043478260869565
0.8043478260869565
0.8043478260869565
0.8043478260869565
0.8043478260869565
0.8043478260869565
0.8043478260869565
0.8043478260869565
0.01
0.0
0.0
0.333
0.333
0.0625
0.333
0.333
0.333
0.333
0.333
0.333
0.0
1.0
0.0
0.0
0.0
0.0
0.0
0.333
0.0
0.01
0.333
0.333
0.333
0.333
0.0
0.16666666666666666
0.0
0.333
0.333
0.0
0.9482758620689655
0.0
1.0
0.333
0.16666666666666666
0.333
0.25
1.0
0.333
0.333
0.0
0.0
0.333
0.333
0.333
0.25
0.333
1.0
0.0
0.0
0.5
0.333
0.5
0.0
0.0
0.95
0.0
0.8656126482213439
0.08695652173913043
0.9814814814814815
0.0
0.0
0.5
0.0
0.16666666666666666
0.2
0.0
0.333
0.16666666666666666
0.2
0.14285714285714285
0.9411764705882353
0.333
0.0
0.333
0.0
0.0
0.0
0.333
0.0
0.16666666666666666
0.2
0.125
0.0
0.16666666666666666
0.5
0.0
0.333
0.0
0.0
0.0
0.0
0.9411764705882353
0.333
0.16666666666666666
0.16666666666666666
0.333
0.0
0.8571428571428571
0.9411764705882353
0.0
0.333
0.0
0.0
0.9864864864864865
0.333
0.333
0.0
0.16666666666666666
0.16666666666666666
0.333
0.333
0.0
0.333
0.0
0.8656126482213439
1.0
1.0
1.0
0.75
0.333
0.333
0.333
0.333
0.333
0.16666666666666666
0.16666666666666666
0.333
0.3333333333333333
0.16666666666666666
0.333
0.0
0.333
0.16666666666666666
0.16666666666666666
0.333
0.333
0.16666666666666666
0.0
0.0
0.810126582278481
0.0
0.16666666666666666
0.333
0.9545454545454546
0.333
0.0
0.16666666666666666
0.333
0.333
0.333
0.42857142857142855
0.0
0.0
0.333
0.333
0.16666666666666666
0.333
0.09090909090909091
0.333
0.333
0.333
0.0
0.01
0.333
0.333
0.333
0.16666666666666666
0.4583333333333333
0.333
0.333
0.333
0.333
0.9367816091954023
0.75
0.333
0.16666666666666666
0.3333333333333333
0.333
0.8
0.2
0.0
0.0
0.0
0.333
0.333
0.333
0.333
0.0
0.0
0.3333333333333333
0.333
0.9763779527559056
0.333
0.0
0.0
0.1111111111111111
0.333
0.16666666666666666
0.0
0.9016393442622951
0.0
0.5
0.0
0.8
0.16666666666666666
0.16666666666666666
0.333
0.14285714285714285
0.0
0.9523809523809523
0.333
0.9523809523809523
0.0
0.333
0.333
0.9411764705882353
0.333
0.333
0.333
0.333
0.0
0.0
0.0
0.333
0.333
0.333
0.0
0.16666666666666666
0.16666666666666666
0.0
0.125
0.0
0.0
0.333
0.333
0.333
0.5
0.333
0.333
0.0
0.333
0.16666666666666666
0.333
0.0
0.333
0.333
0.0
0.2
0.0
0.0
0.16666666666666666
0.333
0.333
0.0
0.0
0.16666666666666666
0.333
0.333
0.0
0.25
0.333
0.333
0.0
0.333
0.333
0.01
0.333
0.333
0.333
0.333
0.333
0.333
0.333
0.333
0.333
0.333
0.0
0.333
0.25
0.333
0.333
0.333
0.333
0.333
0.0
0.333
0.0
0.9411764705882353
0.9428571428571428
0.333
0.0
0.1111111111111111
0.333
0.333
0.0
0.333
0.05263157894736842
0.8888888888888888
0.0
0.333
0.0
0.333
0.0
0.9259259259259259
0.8636363636363636
0.333
0.9259259259259259
0.16666666666666666
0.0
0.333
0.333
0.333
0.333
0.0
1.0
0.0
0.0
0.333
0.0
0.0
0.333
0.0
0.0
0.333
0.0
0.0
0.0
0.0
0.0
0.0
0.0
0.333
0.333
0.0
0.333
0.8181818181818182
0.5
0.5
0.5
0.5
0.0
0.5
0.5
0.5
0.5
0.5
0.5
0.5
0.5
0.5
0.5
0.5
0.5
0.5
0.5
0.5
0.5
0.5
0.5
0.333
0.333
0.0
0.0
0.01
0.0
0.333
0.01
0.0
0.333
0.333
0.333
0.333
0.0
0.0
0.01
0.333
0.0
0.333
0.5
0.333
0.0
0.0
0.9397590361445783
0.0
0.333
0.0
0.333
0.0
0.333
0.0
0.0
0.0
0.8571428571428571
0.0
0.333
0.5
0.9183673469387755
0.333
0.0
0.0
0.0
0.333
0.0
0.0
0.0
0.333
0.0
0.0
0.0
0.9915966386554622
0.0
0.333
0.01
0.01
0.0
0.333
0.333
0.0
0.0
0.0
0.333
0.333
0.333
0.333
0.333
0.333
0.333
0.333
0.0
0.0
0.0
0.0
0.3333333333333333
0.333
0.333
0.0
1.0
0.333
0.333
0.0
0.333
0.333
0.333
0.2857142857142857
0.0
0.0
0.333
0.0
0.333
0.333
0.333
0.333
0.333
0.0
0.0
0.0
0.333
0.0
0.0
0.333
0.3333333333333333
0.0
0.0
0.0
0.24
0.24
1.0
0.24
0.24
0.0
0.9261083743842364
0.9261083743842364
0.9261083743842364
0.9261083743842364
0.9261083743842364
0.0
0.9261083743842364
0.333
0.333
0.0
0.0
0.0
0.333
0.333
0.333
0.333
0.0
0.0
0.0
0.68
0.68
0.333
0.8
0.333
0.333
0.333
0.0
0.333
0.333
0.333
0.333
0.333
0.3333333333333333
0.333
0.0
0.8636363636363636
0.8636363636363636
0.0
0.333
0.333
0.333
0.0
0.0
0.0
1.0
0.333
0.333
0.9252336448598131
0.333
0.333
0.7894736842105263
0.333
0.333
0.333
0.333
0.333
0.333
0.333
0.034482758620689655
0.0
0.333
0.333
0.333
0.333
0.0
0.0
0.333
0.333
0.0
0.0
0.333
0.333
0.333
0.333
0.333
0.333
0.333
0.333
0.333
0.333
0.333
0.333
0.333
0.333
0.333
0.333
0.333
0.333
0.333
0.333
0.333
0.333
0.333
0.0
0.333
0.0
0.333
0.333
0.333
0.333
0.0
0.5
0.0
0.0
0.0
0.0
0.333
0.0
0.09090909090909091
0.333
0.333
0.333
0.333
0.333
0.0
0.9354838709677419
1.0
0.0
0.333
0.0
0.0
0.333
0.0
0.333
0.333
0.333
0.333
0.333
0.0
0.0
0.8235294117647058
0.333
0.333
1.0
0.333
0.25
0.25
0.0
0.0
0.333
0.333
0.0
0.0
0.333
0.0
0.0
0.0
0.0
0.0
0.0
0.0
0.333
0.333
0.0
0.333
0.333
0.333
0.0
0.0
0.0
0.0
0.0
0.333
0.0
0.0
0.0
0.333
0.333
0.333
0.333
0.0
0.333
0.0
0.0
0.0
0.333
0.0
0.333
0.333
0.333
0.0
0.9166666666666666
0.0
0.0
1.0
0.0
0.333
0.8181818181818182
0.0
0.0
0.333
0.333
0.0
0.8571428571428571
0.0
0.5
0.0
0.333
0.333
0.0
0.333
0.875
0.0
0.0
0.0
0.9203539823008849
0.0
0.333
0.333
0.333
0.0
0.333
0.333
0.0
0.333
0.333
0.333
0.0
0.333
0.333
0.333
0.333
0.333
0.333
0.333
0.333
0.3333333333333333
0.0
0.0
0.333
0.333
0.333
0.0
0.0
0.9692307692307692
0.333
0.0
0.333
0.333
0.333
0.0
0.333
0.0
0.5
1.0
0.333
0.0
0.0
0.25
0.333
0.333
0.0
0.0
0.8333333333333334
0.0
0.0
0.0
0.0196078431372549
0.0
0.333
0.333
0.333
0.333
0.333
0.8157894736842105
0.0
0.333
0.0
0.333
0.0
0.0
0.333
0.1111111111111111
0.0
0.333
0.333
0.333
0.333
0.333
0.333
0.333
0.0
0.333
0.333
0.333
0.333
0.333
0.333
0.333
0.333
0.333
0.9576547231270358
0.5
0.0
0.0
0.0
0.0
0.0
0.0
0.0
0.9518072289156626
0.631578947368421
0.9203539823008849
0.333
0.333
0.0
0.0
0.333
0.0
0.0
0.333
0.0
0.0
0.333
0.333
0.0
0.7333333333333333
0.0
1.0
0.333
0.333
0.9607843137254902
0.5
1.0
1.0
1.0
1.0
0.0
0.47058823529411764
0.8333333333333334
0.8333333333333334
0.0
0.333
0.01
0.01
0.0
0.0
0.0
0.0
0.01
0.333
0.0
0.37037037037037035
0.0
0.0
0.333
0.0
0.333
0.333
0.333
0.333
0.0
0.333
0.333
0.333
0.333
0.333
0.0
0.333
0.0
0.9345794392523364
0.333
0.333
0.4117647058823529
0.333
0.333
0.0
0.0
0.0
0.333
0.07692307692307693
0.07692307692307693
0.333
0.333
0.333
0.333
0.333
0.333
0.9354838709677419
0.9354838709677419
0.333
0.0
0.0
1.0
0.01
0.01
0.01
0.333
1.0
0.333
0.333
0.01
0.01
1.0
0.9090909090909091
0.9090909090909091
0.9090909090909091
1.0
0.01
0.0
0.0
0.0
0.333
0.0
0.0
0.0
0.48333333333333334
0.0
0.0
0.0
0.0
0.333
0.333
0.0
0.333
0.333
0.333
0.333
0.333
0.0
0.0
0.333
0.9523809523809523
0.0
0.333
0.0
0.9345794392523364
0.333
0.333
0.333
0.333
0.0
0.333
0.1111111111111111
0.0
0.01
0.5
0.01
0.01
0.333
0.7575757575757576
0.7575757575757576
0.333
0.0
0.0
1.0
0.333
0.01
0.333
0.01
0.0
0.0
0.0
0.333
0.01
0.01
0.333
0.333
0.0
0.0
0.01
0.01
0.0
0.0
0.333
0.333
0.0
0.0
0.0
0.333
0.0
0.0
0.0
0.0
0.0
0.0
0.0
0.0
0.0
0.0
0.0
0.0
0.0
0.0
0.0
0.0
0.333
0.0
0.0
0.0
0.0
0.0
0.333
0.333
0.0
0.01
0.333
0.333
0.8262910798122066
0.8262910798122066
0.7647058823529411
0.333
0.333
0.9918367346938776
0.333
0.0
0.333
0.0
0.333
0.333
0.0
0.333
0.0
0.0
0.333
0.5833333333333334
0.333
0.333
0.0
0.333
0.8194444444444444
0.0
0.9487179487179487
0.9918367346938776
0.0
0.0
0.0
0.0
0.0
0.0
0.333
0.0
0.0
0.0
0.0
1.0
1.0
0.333
0.333
0.0
0.9761904761904762
0.0
0.0
0.0
0.0
0.0
0.333
0.925
1.0
1.0
1.0
0.333
0.333
0.333
0.333
0.0
0.333
0.8
0.333
0.333
1.0
1.0
0.0
0.0
1.0
1.0
1.0
1.0
1.0
0.8043478260869565
0.333
0.333
0.333
0.333
0.333
0.0
0.333
0.333
0.333
0.333
0.333
0.333
0.0
0.0
0.9672131147540983
0.333
0.333
1.0
0.0
0.333
0.01
0.01
0.8
0.8
0.7142857142857143
0.9300699300699301
0.3333333333333333
0.3333333333333333
0.3333333333333333
0.8947368421052632
0.0
0.0
0.01
0.0
0.333
0.0
0.0
0.0
0.0
0.333
0.0
0.0
0.0
0.0
0.9052132701421801
0.8985507246376812
0.8985507246376812
0.0
0.0
0.0
0.0
0.0
0.0
0.333
0.0
0.0
0.333
0.333
0.92
0.92
0.92
0.0
0.0
0.0
0.0
0.333
0.333
0.7647058823529411
0.333
0.333
0.333
0.0
0.92
0.92
0.92
0.92
0.92
0.92
0.333
0.333
0.8375
0.333
0.333
0.333
0.0
0.333
0.0
0.8
0.3333333333333333
0.0
0.333
0.0
0.0
0.333
0.333
0.0
0.13333333333333333
0.333
0.333
0.3333333333333333
0.3333333333333333
0.333
0.01
0.01
0.0
0.333
0.0
0.0
0.333
0.13333333333333333
0.0
0.333
0.333
0.0
0.0
0.333
0.333
0.333
0.0
0.333
0.333
0.9300699300699301
0.0
0.0
0.333
0.333
0.333
0.333
0.333
0.0
0.333
0.333
0.333
0.0
0.333
0.0
0.333
0.0
0.333
0.333
0.333
0.333
0.333
0.0
0.0
0.015625
0.333
0.0
0.8461538461538461
0.333
0.333
0.6666666666666666
0.14285714285714285
0.333
0.8
0.01
0.333
0.0
0.333
0.333
0.5555555555555556
0.0
0.9817073170731707
0.333
0.333
0.0
0.0
0.5
0.0
0.0
0.0
0.333
0.333
0.333
0.333
0.0
0.333
0.333
0.0
0.333
0.333
0.0
0.0
0.0
0.0
0.333
0.0
0.8518518518518519
0.8518518518518519
0.0
0.0
0.0
0.9300699300699301
0.9697674418604652
0.333
0.333
0.0
0.8
0.333
0.2857142857142857
0.0
0.0
0.333
0.10810810810810811
0.0
0.0
0.3333333333333333
0.333
0.0
0.0
0.0
0.333
0.0
0.0
0.8235294117647058
0.0
0.0
0.0
0.0
0.0
0.333
0.0
0.0
0.333
0.333
0.0
0.333
0.0
0.333
0.0
0.333
0.333
0.42857142857142855
0.2857142857142857
0.9382716049382716
0.01
0.333
0.333
0.9122807017543859
0.6641221374045801
0.333
0.0
0.333
0.333
0.8
0.333
0.333
0.333
0.333
0.0
1.0
0.9354838709677419
0.9354838709677419
1.0
0.8
0.8
0.333
0.333
0.0
0.8
0.8
0.333
0.333
0.333
0.0
0.333
0.333
0.0
0.0
0.0
0.8055555555555556
0.7
0.333
0.333
0.0
0.333
0.9487179487179487
0.6636363636363637
0.0
0.2857142857142857
0.8
0.0
0.35294117647058826
0.0
0.0
0.3333333333333333
0.7530864197530864
0.0
0.333
0.333
0.333
1.0
0.9905163329820864
0.333
0.333
0.333
0.9148936170212766
0.9148936170212766
0.0
0.0
0.01
0.333
0.0196078431372549
0.023529411764705882
0.333
0.333
0.333
0.0
0.333
0.03529411764705882
0.12
0.333
0.333
0.01
0.333
0.333
0.333
0.333
0.0
0.333
0.8461538461538461
0.0
0.0
1.0
1.0
0.0
0.333
0.333
0.333
0.0
0.333
0.333
0.333
0.333
0.0
0.333
0.333
0.333
0.333
0.3333333333333333
0.0
0.0
0.0
0.0
0.0
0.0
0.0
0.333
0.0
0.333
0.0
0.333
0.333
0.333
0.333
0.333
0.7666666666666667
0.0
0.0
0.0
0.333
0.333
0.333
0.333
0.333
0.0
0.7666666666666667
0.7666666666666667
0.0
0.9
0.0
0.0
0.333
0.8125
0.0
0.0
0.9137931034482759
0.0
0.0
0.0
0.333
0.333
0.0
0.333
0.9137931034482759
0.9137931034482759
0.333
0.333
0.9166666666666666
0.0
0.333
0.333
0.333
0.333
0.333
0.333
0.0
0.0
0.75
0.333
0.0
0.333
0.333
0.333
0.0
0.333
0.333
0.333
0.0
0.9
0.9
0.333
0.333
0.333
0.333
0.9302325581395349
0.9302325581395349
0.0
0.333
0.9473684210526315
0.333
0.333
0.23529411764705882
0.0
0.333
0.0
0.0
0.25
0.333
0.01
0.0
0.0
0.0
0.333
0.333
0.333
0.2833333333333333
0.8518518518518519
0.333
0.333
0.333
0.333
0.333
0.0
0.8846153846153846
0.8846153846153846
0.35714285714285715
0.0
0.333
0.0
0.0
0.0
0.8536585365853658
0.0
0.0
0.333
0.0
0.6181818181818182
0.0
0.9253731343283582
0.0
0.7074829931972789
0.3939393939393939
0.0
0.0
0.0
0.01
0.0
0.0
0.0
0.7843137254901961
0.8367346938775511
0.333
0.333
0.333
0.8
0.333
0.0
0.7647058823529411
0.333
0.333
0.333
0.333
0.333
0.333
0.333
0.333
0.0
0.1875
0.0
0.333
0.333
1.0
0.01
1.0
0.333
0.333
0.333
0.333
0.333
0.333
0.333
0.333
0.333
0.0
0.0
0.0
0.333
0.333
0.25
0.16666666666666666
0.0
0.0
0.333
0.07692307692307693
0.0
0.333
0.2727272727272727
0.0
0.333
0.2727272727272727
0.0
0.5806451612903226
0.0
0.10344827586206896
0.333
1.0
0.0
0.8
1.0
0.333
0.333
0.333
0.333
0.333
0.0
0.0
0.0
0.333
0.0
0.14285714285714285
0.5
0.26666666666666666
0.333
0.007194244604316547
0.333
1.0
0.825
0.333
1.0
0.333
0.6451612903225806
0.333
0.0
0.9333333333333333
0.0
0.0
0.333
0.0
0.75
0.333
0.0
0.0
0.0
0.333
0.7530864197530864
0.0
0.333
0.333
0.0
0.0
0.7272727272727273
0.0
0.0
0.0
0.0
0.333
0.8936170212765957
0.0
0.0
0.333
0.333
0.01
0.333
0.0
0.6049382716049383
0.333
0.333
0.9743589743589743
0.9743589743589743
0.01
0.01
0.0
0.0
0.0
0.0
0.0
0.0
0.333
0.333
0.0
0.0
0.0
0.0
0.0
0.333
0.0
0.0
0.00823045267489712
0.008264462809917356
0.333
0.0
0.0
0.0
0.333
0.333
0.333
0.333
0.0
0.333
0.0
0.0
0.0
0.0
0.0
0.333
0.0
0.333
0.0
0.333
0.46153846153846156
0.333
0.333
0.01
0.0
0.333
0.01
0.333
0.333
0.333
0.13333333333333333
0.333
0.5
0.333
0.333
0.333
0.333
0.333
0.333
0.333
0.0
0.0
0.333
0.333
0.7142857142857143
0.7142857142857143
0.0
0.7074829931972789
0.01
0.01
0.0
0.0
0.0
0.333
0.0
0.0
0.0
0.0
0.0
0.0
0.0
0.0
0.0
0.0
0.0
0.0
0.333
0.0
0.333
0.0
0.333
0.333
0.333
0.0
0.0
0.0
0.0
0.0
0.5
0.333
0.9585798816568047
0.333
0.0
0.333
0.0
0.0
0.333
1.0
0.01
0.01
0.0
0.333
0.333
0.0
0.0
0.333
0.0
0.46153846153846156
0.46153846153846156
0.46153846153846156
0.333
0.0
0.333
0.333
0.0
0.333
0.333
0.0
0.94
0.0
0.333
0.333
0.333
0.0
0.007194244604316547
0.333
0.333
0.333
0.0035714285714285713
0.333
0.0
0.333
0.333
0.0
0.0
0.333
0.333
0.333
0.333
0.333
0.9795918367346939
0.9183673469387755
0.333
0.7530864197530864
0.7530864197530864
0.333
0.333
0.7530864197530864
0.7530864197530864
0.0
0.333
0.333
0.333
0.0
0.0
0.0
0.0
0.0
0.0
0.0
0.7530864197530864
0.7530864197530864
0.9697674418604652
0.9697674418604652
0.9697674418604652
0.333
0.0
0.333
0.0
0.01
1.0
0.9682539682539683
0.333
0.0
0.333
0.333
1.0
0.0
0.0
0.333
0.333
0.333
0.7530864197530864
0.9103448275862069
0.9103448275862069
0.0
0.9697674418604652
0.333
0.333
0.0
0.0
0.333
0.0
0.0
0.01
0.0
0.0
1.0
1.0
1.0
1.0
0.0
0.0
0.333
0.0
0.0
0.0
0.0
0.01
0.333
0.0
0.0
0.333
0.333
0.333
0.333
0.333
0.333
0.333
0.333
0.333
0.333
0.14285714285714285
0.333
0.333
0.333
0.0
0.0
0.333
0.333
0.0
0.333
0.333
0.333
0.333
0.0
0.0
0.333
0.333
0.333
0.333
0.333
0.333
0.01
0.333
0.333
0.0
0.333
0.0
0.0
0.0
0.333
0.16666666666666666
0.16666666666666666
0.333
0.0
0.0
0.333
0.333
0.9411764705882353
0.01
0.9745222929936306
0.9745222929936306
0.333
0.007194244604316547
0.007194244604316547
0.333
0.333
0.5
0.0
0.0
0.0
0.333
0.333
0.0
0.333
0.333
0.9444444444444444
0.9444444444444444
0.333
0.333
0.0
0.333
0.333
0.333
0.333
0.333
0.0
0.0
0.0
0.0
0.0
0.8823529411764706
0.9881796690307328
0.333
0.333
0.333
0.3181818181818182
0.0
0.0
0.0
1.0
0.0
0.0
0.007194244604316547
0.007194244604316547
1.0
0.333
0.0
0.0
0.0
0.0
0.333
0.333
0.333
0.333
0.0
0.0
0.333
0.333
0.333
0.0
0.0
0.0
0.8235294117647058
0.8235294117647058
0.333
0.0
0.333
0.8974358974358975
0.333
0.333
0.0
0.0
0.5238095238095238
0.333
0.333
0.333
0.333
0.333
0.6891891891891891
0.333
0.0
1.0
0.0
0.0
0.0
0.0
0.333
0.0
0.0
0.0
0.333
0.0
0.0
0.0
0.0
0.0
0.0
0.0
0.0
0.0
0.0
0.0
0.333
0.0
0.0
0.0
0.0
0.0
0.0
0.0
0.0
0.0
0.0
0.0
0.0
0.0
0.0
0.0
0.0
0.0
1.0
0.0
0.95
0.0
0.0
0.0
0.0
0.0
0.0
0.0
0.0
0.0
0.0
0.0
0.333
0.333
0.0
0.0
0.0
0.0
0.0
0.0
0.0
0.0
0.0
0.0
0.0
0.0
0.0
0.0
0.0
0.0
0.0
0.333
0.0
0.0
0.0
0.0
0.0
0.0
0.0
0.0
0.0
0.0
0.0
0.0
0.0
0.0
0.0
0.0
0.0
0.0
0.333
0.333
0.333
0.0
0.0
0.0
0.0
0.0
0.0
0.0
0.0
0.0
0.0
0.333
0.333
0.333
0.0
0.0
0.0
0.0
0.0
0.0
0.0
0.0
0.0
0.0
0.0
0.333
0.0
0.333
0.0
0.0
0.0
0.0
0.0
0.0
0.0
0.0
0.0
0.0
0.0
0.0
0.0
0.0
0.0
0.0
0.0
0.333
0.0
0.333
0.333
0.333
0.0
0.0
0.0
0.0
0.0
0.5
0.0
0.0
0.333
0.0
0.0
0.333
0.0
0.984375
0.333
0.01
0.333
0.984375
0.333
0.8235294117647058
0.333
0.0
0.0
0.0
0.0
0.0
0.333
0.0
0.0
0.01
0.01
0.972972972972973
0.0
0.8333333333333334
0.333
0.333
0.09523809523809523
0.0
0.0
0.0
0.0
0.0
0.0
0.0
0.0
0.0
0.0
0.0
0.0
0.0
0.333
0.333
0.333
0.984375
0.333
0.333
0.984375
0.0
0.0
0.0
0.0
0.0
0.0
0.333
0.333
0.9433962264150944
0.333
0.0
0.0
0.0
0.0
0.5
0.0
0.333
0.333
0.333
0.0
0.333
0.0
0.0
0.0
0.0
0.0
0.333
0.333
0.46153846153846156
0.46153846153846156
0.0
0.333
0.333
0.5
0.0
0.46153846153846156
0.5238095238095238
0.0
0.0
0.333
0.0
0.333
0.333
0.6666666666666666
0.0
0.0
0.333
0.333
0.2972972972972973
0.333
0.0
0.0
0.333
0.8571428571428571
0.0
0.734375
0.7322834645669292
0.0
0.0
0.16666666666666666
0.0
0.7142857142857143
0.7142857142857143
0.7142857142857143
0.333
0.0
1.0
0.333
0.333
0.333
0.333
0.333
0.333
0.0
0.0
0.333
0.333
0.0
0.333
0.0
0.0
0.0
0.0
0.333
0.333
0.333
0.0
0.0
0.0
0.631578947368421
0.631578947368421
0.0
0.631578947368421
0.0
0.0
0.819672131147541
0.0
0.0
0.0
0.0
0.0
0.0
0.0
0.0
0.333
0.333
0.0
0.333
0.333
0.333
0.333
0.333
0.0
0.0
0.333
0.0
0.0
0.0
0.0
0.0
0.392
0.392
0.0
0.333
0.0
0.333
0.333
1.0
0.06451612903225806
0.0
0.333
0.333
0.9629629629629629
0.333
0.333
0.0
0.01
0.01
0.333
0.333
0.13333333333333333
0.0
0.333
0.333
0.333
0.333
0.0
0.0
0.0
0.333
0.333
0.333
0.333
0.333
0.333
0.333
0.0
0.0
0.0
0.333
0.01
0.6666666666666666
0.333
0.333
0.333
0.0
0.333
1.0
0.333
0.75
0.0
0.0
0.0
0.0
0.333
0.333
0.0
0.0
0.0
0.0
0.0
0.0
0.333
0.333
0.5
0.0
0.3333333333333333
0.333
0.333
0.333
0.333
0.333
0.0
0.333
0.3333333333333333
0.3333333333333333
0.9767441860465116
0.333
0.3333333333333333
0.3333333333333333
0.0
0.0
0.0
0.333
0.333
0.333
0.0
0.0
0.0
0.7272727272727273
0.9090909090909091
0.01
0.01
0.333
0.333
0.333
0.0
0.5714285714285714
0.5714285714285714
0.5714285714285714
0.0
0.333
0.0
0.333
0.0
0.0
0.0
0.333
0.875
0.333
0.3333333333333333
0.333
0.0
0.0
0.0
0.333
1.0
0.8852459016393442
0.8852459016393442
0.5714285714285714
0.0
0.333
0.0
0.0
0.333
0.333
0.333
0.0
0.0
0.333
0.0
0.333
0.333
0.333
0.0
0.0
0.333
0.333
0.333
0.333
0.333
0.333
0.9545454545454546
0.333
0.0
0.0
0.0
0.0
0.9803921568627451
1.0
0.9622641509433962
0.333
0.0
0.2857142857142857
0.0
0.0
0.13333333333333333
0.333
0.0
0.333
0.01
0.0
0.9795918367346939
0.333
0.333
0.333
0.0
0.333
0.333
0.0
0.0
0.0
0.0
0.0
0.2857142857142857
0.2857142857142857
0.9137931034482759
0.0
0.0
0.333
0.333
0.9137931034482759
0.333
0.0
0.0
0.333
0.333
0.333
0.0
0.333
0.8775510204081632
0.0
0.333
0.333
0.0
0.0
0.0
0.0
0.0
0.0
0.333
0.0
0.0
0.8493150684931506
0.333
0.5238095238095238
0.5714285714285714
0.5714285714285714
0.0
0.9545454545454546
0.9545454545454546
0.333
0.0
0.0
0.9393939393939394
0.0
0.333
0.333
0.0
0.0
0.0
0.0
0.0
0.0
0.0
0.868421052631579
0.0
0.0
0.333
0.333
0.333
0.333
0.0
0.333
0.0
0.0
0.0
0.0
0.0
0.2833333333333333
0.333
0.333
0.0
0.0
0.333
0.333
0.0
0.333
0.333
0.333
0.75
0.0
0.333
0.333
0.01
0.0
0.0
0.333
0.333
0.333
0.333
0.333
0.0
0.0
0.0
0.333
0.0
0.333
0.333
0.333
0.333
0.333
1.0
1.0
0.0
0.0
0.0
0.333
0.333
0.333
0.9069767441860465
0.333
0.333
0.333
0.333
0.333
0.987012987012987
0.875
0.333
0.0
0.333
0.333
0.0
0.0
0.0
0.333
0.0
0.0
0.333
0.0
0.333
0.333
0.333
0.333
0.5
0.333
1.0
0.0
1.0
0.0
0.333
0.0
0.333
0.9629629629629629
0.333
0.333
0.333
0.333
0.333
0.0
0.333
0.333
0.0
0.0
0.0
0.0
0.0
0.9662921348314607
0.0
0.6666666666666666
0.333
0.990990990990991
0.990990990990991
0.0
0.0
0.333
0.333
0.333
0.0
0.333
0.333
0.333
0.333
0.333
0.333
0.0
0.333
0.333
0.333
0.333
0.333
0.333
0.333
0.333
0.333
1.0
0.9375
0.0
0.333
0.0
0.0
0.333
0.9259259259259259
0.0
0.0
0.0
0.956140350877193
0.333
0.0
0.333
0.0
0.333
0.333
0.333
0.333
0.333
0.333
0.9473684210526315
0.0
0.333
0.5882352941176471
0.5882352941176471
0.333
0.333
0.333
0.0
0.0
0.0
0.9494949494949495
0.333
0.0
0.9473684210526315
0.9473684210526315
0.0
0.0
0.333
0.333
0.0
0.07692307692307693
0.0
0.625
0.045454545454545456
0.333
0.333
0.333
0.333
0.333
0.333
0.0
0.0
1.0
0.01
0.01
0.01
0.2857142857142857
0.333
0.333
0.0
0.7272727272727273
0.7272727272727273
0.333
0.0
0.0
0.0
0.333
0.0
0.8166666666666667
0.0
0.0
0.333
0.01
0.333
1.0
0.0
0.333
0.333
0.0
0.0
0.333
0.333
0.333
0.0
0.0
1.0
0.75
0.333
0.0
0.01
0.333
0.0
0.333
0.0
0.0
0.0
0.0
0.0
0.0
0.0
0.2857142857142857
0.0
0.937007874015748
0.333
0.333
0.333
0.333
0.333
0.333
0.333
0.0
0.0
0.333
0.333
0.7391304347826086
0.937007874015748
0.0
0.0
0.333
1.0
0.333
0.333
0.333
0.333
0.333
0.333
0.007194244604316547
0.333
0.333
0.0
0.0
0.0
0.0
0.333
0.8421052631578947
0.0
0.0
0.0
0.0
0.0
0.0
0.0
0.0
0.0
0.01
0.333
0.0
0.0
0.0
0.333
0.333
0.6111111111111112
0.0
0.0
0.333
0.333
1.0
0.0
0.0
0.0
0.0
0.0
0.0
0.0
0.0
0.0
0.0
0.333
0.0
0.333
0.0
0.333
0.9882005899705014
0.8163265306122449
0.333
0.333
0.333
0.333
0.0
0.0
0.333
0.333
0.333
0.6904761904761905
0.0
0.0
0.333
0.333
0.333
0.0
0.333
0.847457627118644
0.0
0.0
0.7384615384615385
0.7384615384615385
0.01
0.01
1.0
0.333
0.333
0.333
0.333
0.333
0.333
1.0
0.0
0.0
0.0
0.333
0.333
0.333
1.0
0.333
0.333
0.333
0.333
0.333
0.333
0.333
0.333
0.0
0.333
0.333
0.9820627802690582
0.333
0.333
0.0
0.333
0.0
0.333
1.0
0.333
0.0
0.0
0.0
0.0
0.7333333333333333
0.333
0.0
0.333
0.0
0.0
0.333
0.0
0.0
0.0
0.0
0.0
0.0
0.333
0.333
0.333
0.333
0.333
0.333
0.333
0.333
0.333
0.333
0.333
0.333
0.0
0.0
0.0
0.8571428571428571
0.333
0.333
0.333
0.333
0.333
0.0
0.937007874015748
0.333
0.0
0.0
0.0
0.333
0.333
0.038461538461538464
0.038461538461538464
0.333
0.333
0.333
0.333
0.0
1.0
0.0
1.0
0.0
0.333
0.333
0.333
0.333
0.0
0.0
0.0
0.0
0.333
0.8157894736842105
0.0
0.0
0.333
0.333
0.333
0.875
0.75
0.0
0.0
0.0
0.0
0.333
0.333
0.333
0.333
0.1111111111111111
0.0
0.0
0.0
0.333
0.8607594936708861
0.7777777777777778
1.0
1.0
0.0
0.0
0.9473684210526315
0.0
0.0
0.0
0.0
0.0
0.0
0.0
0.0
0.0
0.0
0.0
0.333
0.333
0.333
0.8157894736842105
0.0
0.333
0.333
0.333
0.333
0.333
0.333
0.333
0.0
0.0
0.333
0.333
0.09090909090909091
0.8157894736842105
0.01
0.333
0.0
0.333
0.333
0.6727272727272727
1.0
0.0
0.0
0.0
0.0
0.0
0.333
0.333
0.333
1.0
0.0
1.0
0.333
0.0
0.0
0.0
0.0
0.333
0.9738219895287958
0.9738219895287958
0.9738219895287958
0.0
0.0
0.333
0.333
0.333
0.0
0.0
0.0
0.0
0.0
0.0
0.0
0.0
0.0
0.0
0.0
0.333
0.333
0.333
0.333
0.333
0.333
0.0
0.333
0.01
0.333
0.01
0.333
0.01
0.333
0.0
0.333
0.333
0.333
0.925
0.333
0.333
0.0
0.333
0.333
0.0
0.7647058823529411
0.333
0.333
0.0
0.333
0.0
0.333
0.0
0.0
0.0
0.2857142857142857
0.0
0.0
0.2857142857142857
0.2857142857142857
0.0
0.0
0.0
0.333
0.0
0.0
0.333
0.333
0.333
0.0
0.0
0.0
0.0
0.333
0.0
0.333
0.333
0.9738219895287958
0.9738219895287958
0.9738219895287958
0.333
0.5294117647058824
0.333
0.0
0.0
0.333
0.333
0.8636363636363636
0.8636363636363636
0.333
0.0
0.14285714285714285
0.5
0.0
0.333
1.0
0.0
0.0
0.42857142857142855
0.3333333333333333
0.0
0.333
0.2857142857142857
0.2857142857142857
0.01
0.333
0.333
0.0
0.333
0.0
0.333
0.333
0.0
0.0
0.333
0.333
0.333
0.333
0.333
0.333
0.333
0.0
0.0
0.333
0.333
0.333
0.333
0.333
0.0
0.333
0.333
0.75
0.333
0.0
0.333
0.0
0.038461538461538464
0.333
0.333
0.333
0.333
0.333
0.333
0.333
0.333
0.333
0.333
0.333
0.333
0.333
0.333
0.333
0.0
0.333
0.333
0.0
0.333
1.0
1.0
1.0
0.88
0.333
0.333
0.333
0.333
0.333
0.333
0.333
0.333
0.0
0.333
0.333
0.333
0.333
0.333
0.0
0.0
0.333
0.0
0.0
0.0
0.333
0.0
0.01
0.333
0.88
0.88
1.0
0.333
0.333
0.333
0.333
0.333
0.333
0.333
0.333
0.333
0.333
0.333
0.333
0.333
0.0
0.0
0.333
0.9242424242424242
0.333
0.333
0.0
0.333
0.0
0.333
0.0
0.333
0.0
0.333
0.9427710843373494
0.0
0.0
0.333
0.2857142857142857
0.333
0.333
0.333
0.333
0.333
0.333
0.333
0.0
0.333
0.333
0.333
0.333
0.0
0.0
0.0
0.0
0.0
0.0
0.333
0.16666666666666666
0.16666666666666666
0.16666666666666666
0.333
0.333
0.333
0.0
0.0
0.333
0.333
0.333
0.333
0.333
0.0
0.0
0.333
0.0
0.333
0.333
0.333
0.333
0.0
0.01
0.333
0.333
0.333
0.333
0.0
0.0
0.333
0.0
0.333
0.333
0.0
0.01
0.01
0.01
0.01
0.333
0.333
0.333
0.333
0.333
0.0
0.0
0.9038461538461539
0.8235294117647058
0.333
0.333
0.333
0.0
0.0
0.333
0.0
0.0
0.0
0.333
0.333
0.75
0.333
0.333
0.333
0.5
0.333
0.333
0.333
0.2857142857142857
0.0
0.36363636363636365
0.0
0.0
0.333
0.333
0.0
0.0
0.0
0.333
0.022988505747126436
0.333
0.333
0.333
0.333
0.333
0.0
0.333
0.0
0.333
0.0
0.333
0.0
0.333
0.0
0.333
0.333
0.333
0.333
0.022988505747126436
0.333
0.0
0.0
0.333
0.333
0.333
0.333
0.0
0.36363636363636365
0.0
0.0
0.03225806451612903
0.03225806451612903
1.0
1.0
0.333
1.0
0.333
0.333
0.0
0.333
0.0
0.333
0.0
0.0
0.333
0.333
0.333
0.333
1.0
0.0
0.0
0.333
0.2857142857142857
0.0
0.08095238095238096
0.0
0.0
0.333
0.333
0.333
0.9473684210526315
1.0
1.0
0.0
0.333
0.333
0.333
0.0
0.333
0.333
0.0
0.0
0.333
0.333
0.333
0.0
0.0
0.333
0.0
0.333
0.333
0.0
0.0
0.0
0.0
0.0
0.0
0.9619047619047619
0.0
0.333
0.01
0.0
0.333
0.0
0.0
0.333
0.333
0.0
0.333
0.333
0.0
0.333
0.0
0.333
0.333
0.333
0.0
0.333
0.0
0.333
0.0
0.0
0.2857142857142857
0.2857142857142857
0.2857142857142857
0.0
0.333
0.06666666666666667
0.0
0.333
0.333
0.333
